1 2
1 3
2 5
2 7
4 11
2 13
4 17
2 19
4 23
6 29
2 31
6 37
4 41
2 43
4 47
6 53
6 59
2 61
6 67
4 71
2 73
6 79
4 83
6 89
8 97
4 101
2 103
4 107
2 109
4 113
14 127
4 131
6 137
2 139
10 149
2 151
6 157
6 163
4 167
6 173
6 179
2 181
10 191
2 193
4 197
2 199
12 211
12 223
4 227
2 229
4 233
6 239
2 241
10 251
6 257
6 263
6 269
2 271
6 277
4 281
2 283
10 293
14 307
4 311
2 313
4 317
14 331
6 337
10 347
2 349
4 353
6 359
8 367
6 373
6 379
4 383
6 389
8 397
4 401
8 409
10 419
2 421
10 431
2 433
6 439
4 443
6 449
8 457
4 461
2 463
4 467
12 479
8 487
4 491
8 499
4 503
6 509
12 521
2 523
18 541
6 547
10 557
6 563
6 569
2 571
6 577
10 587
6 593
6 599
2 601
6 607
6 613
4 617
2 619
12 631
10 641
2 643
4 647
6 653
6 659
2 661
12 673
4 677
6 683
8 691
10 701
8 709
10 719
8 727
6 733
6 739
4 743
8 751
6 757
4 761
8 769
4 773
14 787
10 797
12 809
2 811
10 821
2 823
4 827
2 829
10 839
14 853
4 857
2 859
4 863
14 877
4 881
2 883
4 887
20 907
4 911
8 919
10 929
8 937
4 941
6 947
6 953
14 967
4 971
6 977
6 983
8 991
6 997
12 1009
4 1013
6 1019
2 1021
10 1031
2 1033
6 1039
10 1049
2 1051
10 1061
2 1063
6 1069
18 1087
4 1091
2 1093
4 1097
6 1103
6 1109
8 1117
6 1123
6 1129
22 1151
2 1153
10 1163
8 1171
10 1181
6 1187
6 1193
8 1201
12 1213
4 1217
6 1223
6 1229
2 1231
6 1237
12 1249
10 1259
18 1277
2 1279
4 1283
6 1289
2 1291
6 1297
4 1301
2 1303
4 1307
12 1319
2 1321
6 1327
34 1361
6 1367
6 1373
8 1381
18 1399
10 1409
14 1423
4 1427
2 1429
4 1433
6 1439
8 1447
4 1451
2 1453
6 1459
12 1471
10 1481
2 1483
4 1487
2 1489
4 1493
6 1499
12 1511
12 1523
8 1531
12 1543
6 1549
4 1553
6 1559
8 1567
4 1571
8 1579
4 1583
14 1597
4 1601
6 1607
2 1609
4 1613
6 1619
2 1621
6 1627
10 1637
20 1657
6 1663
4 1667
2 1669
24 1693
4 1697
2 1699
10 1709
12 1721
2 1723
10 1733
8 1741
6 1747
6 1753
6 1759
18 1777
6 1783
4 1787
2 1789
12 1801
10 1811
12 1823
8 1831
16 1847
14 1861
6 1867
4 1871
2 1873
4 1877
2 1879
10 1889
12 1901
6 1907
6 1913
18 1931
2 1933
16 1949
2 1951
22 1973
6 1979
8 1987
6 1993
4 1997
2 1999
4 2003
8 2011
6 2017
10 2027
2 2029
10 2039
14 2053
10 2063
6 2069
12 2081
2 2083
4 2087
2 2089
10 2099
12 2111
2 2113
16 2129
2 2131
6 2137
4 2141
2 2143
10 2153
8 2161
18 2179
24 2203
4 2207
6 2213
8 2221
16 2237
2 2239
4 2243
8 2251
16 2267
2 2269
4 2273
8 2281
6 2287
6 2293
4 2297
12 2309
2 2311
22 2333
6 2339
2 2341
6 2347
4 2351
6 2357
14 2371
6 2377
4 2381
2 2383
6 2389
4 2393
6 2399
12 2411
6 2417
6 2423
14 2437
4 2441
6 2447
12 2459
8 2467
6 2473
4 2477
26 2503
18 2521
10 2531
8 2539
4 2543
6 2549
2 2551
6 2557
22 2579
12 2591
2 2593
16 2609
8 2617
4 2621
12 2633
14 2647
10 2657
2 2659
4 2663
8 2671
6 2677
6 2683
4 2687
2 2689
4 2693
6 2699
8 2707
4 2711
2 2713
6 2719
10 2729
2 2731
10 2741
8 2749
4 2753
14 2767
10 2777
12 2789
2 2791
6 2797
4 2801
2 2803
16 2819
14 2833
4 2837
6 2843
8 2851
6 2857
4 2861
18 2879
8 2887
10 2897
6 2903
6 2909
8 2917
10 2927
12 2939
14 2953
4 2957
6 2963
6 2969
2 2971
28 2999
2 3001
10 3011
8 3019
4 3023
14 3037
4 3041
8 3049
12 3061
6 3067
12 3079
4 3083
6 3089
20 3109
10 3119
2 3121
16 3137
26 3163
4 3167
2 3169
12 3181
6 3187
4 3191
12 3203
6 3209
8 3217
4 3221
8 3229
22 3251
2 3253
4 3257
2 3259
12 3271
28 3299
2 3301
6 3307
6 3313
6 3319
4 3323
6 3329
2 3331
12 3343
4 3347
12 3359
2 3361
10 3371
2 3373
16 3389
2 3391
16 3407
6 3413
20 3433
16 3449
8 3457
4 3461
2 3463
4 3467
2 3469
22 3491
8 3499
12 3511
6 3517
10 3527
2 3529
4 3533
6 3539
2 3541
6 3547
10 3557
2 3559
12 3571
10 3581
2 3583
10 3593
14 3607
6 3613
4 3617
6 3623
8 3631
6 3637
6 3643
16 3659
12 3671
2 3673
4 3677
14 3691
6 3697
4 3701
8 3709
10 3719
8 3727
6 3733
6 3739
22 3761
6 3767
2 3769
10 3779
14 3793
4 3797
6 3803
18 3821
2 3823
10 3833
14 3847
4 3851
2 3853
10 3863
14 3877
4 3881
8 3889
18 3907
4 3911
6 3917
2 3919
4 3923
6 3929
2 3931
12 3943
4 3947
20 3967
22 3989
12 4001
2 4003
4 4007
6 4013
6 4019
2 4021
6 4027
22 4049
2 4051
6 4057
16 4073
6 4079
12 4091
2 4093
6 4099
12 4111
16 4127
2 4129
4 4133
6 4139
14 4153
4 4157
2 4159
18 4177
24 4201
10 4211
6 4217
2 4219
10 4229
2 4231
10 4241
2 4243
10 4253
6 4259
2 4261
10 4271
2 4273
10 4283
6 4289
8 4297
30 4327
10 4337
2 4339
10 4349
8 4357
6 4363
10 4373
18 4391
6 4397
12 4409
12 4421
2 4423
18 4441
6 4447
4 4451
6 4457
6 4463
18 4481
2 4483
10 4493
14 4507
6 4513
4 4517
2 4519
4 4523
24 4547
2 4549
12 4561
6 4567
16 4583
8 4591
6 4597
6 4603
18 4621
16 4637
2 4639
4 4643
6 4649
2 4651
6 4657
6 4663
10 4673
6 4679
12 4691
12 4703
18 4721
2 4723
6 4729
4 4733
18 4751
8 4759
24 4783
4 4787
2 4789
4 4793
6 4799
2 4801
12 4813
4 4817
14 4831
30 4861
10 4871
6 4877
12 4889
14 4903
6 4909
10 4919
12 4931
2 4933
4 4937
6 4943
8 4951
6 4957
10 4967
2 4969
4 4973
14 4987
6 4993
6 4999
4 5003
6 5009
2 5011
10 5021
2 5023
16 5039
12 5051
8 5059
18 5077
4 5081
6 5087
12 5099
2 5101
6 5107
6 5113
6 5119
28 5147
6 5153
14 5167
4 5171
8 5179
10 5189
8 5197
12 5209
18 5227
4 5231
2 5233
4 5237
24 5261
12 5273
6 5279
2 5281
16 5297
6 5303
6 5309
14 5323
10 5333
14 5347
4 5351
30 5381
6 5387
6 5393
6 5399
8 5407
6 5413
4 5417
2 5419
12 5431
6 5437
4 5441
2 5443
6 5449
22 5471
6 5477
2 5479
4 5483
18 5501
2 5503
4 5507
12 5519
2 5521
6 5527
4 5531
26 5557
6 5563
6 5569
4 5573
8 5581
10 5591
32 5623
16 5639
2 5641
6 5647
4 5651
2 5653
4 5657
2 5659
10 5669
14 5683
6 5689
4 5693
8 5701
10 5711
6 5717
20 5737
4 5741
2 5743
6 5749
30 5779
4 5783
8 5791
10 5801
6 5807
6 5813
8 5821
6 5827
12 5839
4 5843
6 5849
2 5851
6 5857
4 5861
6 5867
2 5869
10 5879
2 5881
16 5897
6 5903
20 5923
4 5927
12 5939
14 5953
28 5981
6 5987
20 6007
4 6011
18 6029
8 6037
6 6043
4 6047
6 6053
14 6067
6 6073
6 6079
10 6089
2 6091
10 6101
12 6113
8 6121
10 6131
2 6133
10 6143
8 6151
12 6163
10 6173
24 6197
2 6199
4 6203
8 6211
6 6217
4 6221
8 6229
18 6247
10 6257
6 6263
6 6269
2 6271
6 6277
10 6287
12 6299
2 6301
10 6311
6 6317
6 6323
6 6329
8 6337
6 6343
10 6353
6 6359
2 6361
6 6367
6 6373
6 6379
10 6389
8 6397
24 6421
6 6427
22 6449
2 6451
18 6469
4 6473
8 6481
10 6491
30 6521
8 6529
18 6547
4 6551
2 6553
10 6563
6 6569
2 6571
6 6577
4 6581
18 6599
8 6607
12 6619
18 6637
16 6653
6 6659
2 6661
12 6673
6 6679
10 6689
2 6691
10 6701
2 6703
6 6709
10 6719
14 6733
4 6737
24 6761
2 6763
16 6779
2 6781
10 6791
2 6793
10 6803
20 6823
4 6827
2 6829
4 6833
8 6841
16 6857
6 6863
6 6869
2 6871
12 6883
16 6899
8 6907
4 6911
6 6917
30 6947
2 6949
10 6959
2 6961
6 6967
4 6971
6 6977
6 6983
8 6991
6 6997
4 7001
12 7013
6 7019
8 7027
12 7039
4 7043
14 7057
12 7069
10 7079
24 7103
6 7109
12 7121
6 7127
2 7129
22 7151
8 7159
18 7177
10 7187
6 7193
14 7207
4 7211
2 7213
6 7219
10 7229
8 7237
6 7243
4 7247
6 7253
30 7283
14 7297
10 7307
2 7309
12 7321
10 7331
2 7333
16 7349
2 7351
18 7369
24 7393
18 7411
6 7417
16 7433
18 7451
6 7457
2 7459
18 7477
4 7481
6 7487
2 7489
10 7499
8 7507
10 7517
6 7523
6 7529
8 7537
4 7541
6 7547
2 7549
10 7559
2 7561
12 7573
4 7577
6 7583
6 7589
2 7591
12 7603
4 7607
14 7621
18 7639
4 7643
6 7649
20 7669
4 7673
8 7681
6 7687
4 7691
8 7699
4 7703
14 7717
6 7723
4 7727
14 7741
12 7753
4 7757
2 7759
30 7789
4 7793
24 7817
6 7823
6 7829
12 7841
12 7853
14 7867
6 7873
4 7877
2 7879
4 7883
18 7901
6 7907
12 7919
8 7927
6 7933
4 7937
12 7949
2 7951
12 7963
30 7993
16 8009
2 8011
6 8017
22 8039
14 8053
6 8059
10 8069
12 8081
6 8087
2 8089
4 8093
8 8101
10 8111
6 8117
6 8123
24 8147
14 8161
6 8167
4 8171
8 8179
12 8191
18 8209
10 8219
2 8221
10 8231
2 8233
4 8237
6 8243
20 8263
6 8269
4 8273
14 8287
4 8291
2 8293
4 8297
14 8311
6 8317
12 8329
24 8353
10 8363
6 8369
8 8377
10 8387
2 8389
30 8419
4 8423
6 8429
2 8431
12 8443
4 8447
14 8461
6 8467
34 8501
12 8513
8 8521
6 8527
10 8537
2 8539
4 8543
20 8563
10 8573
8 8581
16 8597
2 8599
10 8609
14 8623
4 8627
2 8629
12 8641
6 8647
16 8663
6 8669
8 8677
4 8681
8 8689
4 8693
6 8699
8 8707
6 8713
6 8719
12 8731
6 8737
4 8741
6 8747
6 8753
8 8761
18 8779
4 8783
20 8803
4 8807
12 8819
2 8821
10 8831
6 8837
2 8839
10 8849
12 8861
2 8863
4 8867
20 8887
6 8893
30 8923
6 8929
4 8933
8 8941
10 8951
12 8963
6 8969
2 8971
28 8999
2 9001
6 9007
4 9011
2 9013
16 9029
12 9041
2 9043
6 9049
10 9059
8 9067
24 9091
12 9103
6 9109
18 9127
6 9133
4 9137
14 9151
6 9157
4 9161
12 9173
8 9181
6 9187
12 9199
4 9203
6 9209
12 9221
6 9227
12 9239
2 9241
16 9257
20 9277
4 9281
2 9283
10 9293
18 9311
8 9319
4 9323
14 9337
4 9341
2 9343
6 9349
22 9371
6 9377
14 9391
6 9397
6 9403
10 9413
6 9419
2 9421
10 9431
2 9433
4 9437
2 9439
22 9461
2 9463
4 9467
6 9473
6 9479
12 9491
6 9497
14 9511
10 9521
12 9533
6 9539
8 9547
4 9551
36 9587
14 9601
12 9613
6 9619
4 9623
6 9629
2 9631
12 9643
6 9649
12 9661
16 9677
2 9679
10 9689
8 9697
22 9719
2 9721
12 9733
6 9739
4 9743
6 9749
18 9767
2 9769
12 9781
6 9787
4 9791
12 9803
8 9811
6 9817
12 9829
4 9833
6 9839
12 9851
6 9857
2 9859
12 9871
12 9883
4 9887
14 9901
6 9907
16 9923
6 9929
2 9931
10 9941
8 9949
18 9967
6 9973
34 10007
2 10009
28 10037
2 10039
22 10061
6 10067
2 10069
10 10079
12 10091
2 10093
6 10099
4 10103
8 10111
22 10133
6 10139
2 10141
10 10151
8 10159
4 10163
6 10169
8 10177
4 10181
12 10193
18 10211
12 10223
20 10243
4 10247
6 10253
6 10259
8 10267
4 10271
2 10273
16 10289
12 10301
2 10303
10 10313
8 10321
10 10331
2 10333
4 10337
6 10343
14 10357
12 10369
22 10391
8 10399
28 10427
2 10429
4 10433
20 10453
4 10457
2 10459
4 10463
14 10477
10 10487
12 10499
2 10501
12 10513
16 10529
2 10531
28 10559
8 10567
22 10589
8 10597
4 10601
6 10607
6 10613
14 10627
4 10631
8 10639
12 10651
6 10657
6 10663
4 10667
20 10687
4 10691
18 10709
2 10711
12 10723
6 10729
4 10733
6 10739
14 10753
18 10771
10 10781
8 10789
10 10799
32 10831
6 10837
10 10847
6 10853
6 10859
2 10861
6 10867
16 10883
6 10889
2 10891
12 10903
6 10909
28 10937
2 10939
10 10949
8 10957
16 10973
6 10979
8 10987
6 10993
10 11003
24 11027
20 11047
10 11057
2 11059
10 11069
2 11071
12 11083
4 11087
6 11093
20 11113
4 11117
2 11119
12 11131
18 11149
10 11159
2 11161
10 11171
2 11173
4 11177
20 11197
16 11213
26 11239
4 11243
8 11251
6 11257
4 11261
12 11273
6 11279
8 11287
12 11299
12 11311
6 11317
4 11321
8 11329
22 11351
2 11353
16 11369
14 11383
10 11393
6 11399
12 11411
12 11423
14 11437
6 11443
4 11447
20 11467
4 11471
12 11483
6 11489
2 11491
6 11497
6 11503
16 11519
8 11527
22 11549
2 11551
28 11579
8 11587
6 11593
4 11597
20 11617
4 11621
12 11633
24 11657
20 11677
4 11681
8 11689
10 11699
2 11701
16 11717
2 11719
12 11731
12 11743
34 11777
2 11779
4 11783
6 11789
12 11801
6 11807
6 11813
8 11821
6 11827
4 11831
2 11833
6 11839
24 11863
4 11867
20 11887
10 11897
6 11903
6 11909
14 11923
4 11927
6 11933
6 11939
2 11941
12 11953
6 11959
10 11969
2 11971
10 11981
6 11987
20 12007
4 12011
26 12037
4 12041
2 12043
6 12049
22 12071
2 12073
24 12097
4 12101
6 12107
2 12109
4 12113
6 12119
24 12143
6 12149
8 12157
4 12161
2 12163
34 12197
6 12203
8 12211
16 12227
12 12239
2 12241
10 12251
2 12253
10 12263
6 12269
8 12277
4 12281
8 12289
12 12301
22 12323
6 12329
14 12343
4 12347
26 12373
4 12377
2 12379
12 12391
10 12401
8 12409
4 12413
8 12421
12 12433
4 12437
14 12451
6 12457
16 12473
6 12479
8 12487
4 12491
6 12497
6 12503
8 12511
6 12517
10 12527
12 12539
2 12541
6 12547
6 12553
16 12569
8 12577
6 12583
6 12589
12 12601
10 12611
2 12613
6 12619
18 12637
4 12641
6 12647
6 12653
6 12659
12 12671
18 12689
8 12697
6 12703
10 12713
8 12721
18 12739
4 12743
14 12757
6 12763
18 12781
10 12791
8 12799
10 12809
12 12821
2 12823
6 12829
12 12841
12 12853
36 12889
4 12893
6 12899
8 12907
4 12911
6 12917
2 12919
4 12923
18 12941
12 12953
6 12959
8 12967
6 12973
6 12979
4 12983
18 13001
2 13003
4 13007
2 13009
24 13033
4 13037
6 13043
6 13049
14 13063
30 13093
6 13099
4 13103
6 13109
12 13121
6 13127
20 13147
4 13151
8 13159
4 13163
8 13171
6 13177
6 13183
4 13187
30 13217
2 13219
10 13229
12 13241
8 13249
10 13259
8 13267
24 13291
6 13297
12 13309
4 13313
14 13327
4 13331
6 13337
2 13339
28 13367
14 13381
16 13397
2 13399
12 13411
6 13417
4 13421
20 13441
10 13451
6 13457
6 13463
6 13469
8 13477
10 13487
12 13499
14 13513
10 13523
14 13537
16 13553
14 13567
10 13577
14 13591
6 13597
16 13613
6 13619
8 13627
6 13633
16 13649
20 13669
10 13679
2 13681
6 13687
4 13691
2 13693
4 13697
12 13709
2 13711
10 13721
2 13723
6 13729
22 13751
6 13757
2 13759
4 13763
18 13781
8 13789
10 13799
8 13807
22 13829
2 13831
10 13841
18 13859
14 13873
4 13877
2 13879
4 13883
18 13901
2 13903
4 13907
6 13913
8 13921
10 13931
2 13933
30 13963
4 13967
30 13997
2 13999
10 14009
2 14011
18 14029
4 14033
18 14051
6 14057
14 14071
10 14081
2 14083
4 14087
20 14107
36 14143
6 14149
4 14153
6 14159
14 14173
4 14177
20 14197
10 14207
14 14221
22 14243
6 14249
2 14251
30 14281
12 14293
10 14303
18 14321
2 14323
4 14327
14 14341
6 14347
22 14369
18 14387
2 14389
12 14401
6 14407
4 14411
8 14419
4 14423
8 14431
6 14437
10 14447
2 14449
12 14461
18 14479
10 14489
14 14503
16 14519
14 14533
4 14537
6 14543
6 14549
2 14551
6 14557
4 14561
2 14563
28 14591
2 14593
28 14621
6 14627
2 14629
4 14633
6 14639
14 14653
4 14657
12 14669
14 14683
16 14699
14 14713
4 14717
6 14723
8 14731
6 14737
4 14741
6 14747
6 14753
6 14759
8 14767
4 14771
8 14779
4 14783
14 14797
16 14813
8 14821
6 14827
4 14831
12 14843
8 14851
16 14867
2 14869
10 14879
8 14887
4 14891
6 14897
26 14923
6 14929
10 14939
8 14947
4 14951
6 14957
12 14969
14 14983
30 15013
4 15017
14 15031
22 15053
8 15061
12 15073
4 15077
6 15083
8 15091
10 15101
6 15107
14 15121
10 15131
6 15137
2 15139
10 15149
12 15161
12 15173
14 15187
6 15193
6 15199
18 15217
10 15227
6 15233
8 15241
18 15259
4 15263
6 15269
2 15271
6 15277
10 15287
2 15289
10 15299
8 15307
6 15313
6 15319
10 15329
2 15331
18 15349
10 15359
2 15361
12 15373
4 15377
6 15383
8 15391
10 15401
12 15413
14 15427
12 15439
4 15443
8 15451
10 15461
6 15467
6 15473
20 15493
4 15497
14 15511
16 15527
14 15541
10 15551
8 15559
10 15569
12 15581
2 15583
18 15601
6 15607
12 15619
10 15629
12 15641
2 15643
4 15647
2 15649
12 15661
6 15667
4 15671
8 15679
4 15683
44 15727
4 15731
2 15733
4 15737
2 15739
10 15749
12 15761
6 15767
6 15773
14 15787
4 15791
6 15797
6 15803
6 15809
8 15817
6 15823
36 15859
18 15877
4 15881
6 15887
2 15889
12 15901
6 15907
6 15913
6 15919
4 15923
14 15937
22 15959
12 15971
2 15973
18 15991
10 16001
6 16007
26 16033
24 16057
4 16061
2 16063
4 16067
2 16069
4 16073
14 16087
4 16091
6 16097
6 16103
8 16111
16 16127
12 16139
2 16141
42 16183
4 16187
2 16189
4 16193
24 16217
6 16223
6 16229
2 16231
18 16249
4 16253
14 16267
6 16273
28 16301
18 16319
14 16333
6 16339
10 16349
12 16361
2 16363
6 16369
12 16381
30 16411
6 16417
4 16421
6 16427
6 16433
14 16447
4 16451
2 16453
24 16477
4 16481
6 16487
6 16493
26 16519
10 16529
18 16547
6 16553
8 16561
6 16567
6 16573
30 16603
4 16607
12 16619
12 16631
2 16633
16 16649
2 16651
6 16657
4 16661
12 16673
18 16691
2 16693
6 16699
4 16703
26 16729
12 16741
6 16747
12 16759
4 16763
24 16787
24 16811
12 16823
6 16829
2 16831
12 16843
28 16871
8 16879
4 16883
6 16889
12 16901
2 16903
18 16921
6 16927
4 16931
6 16937
6 16943
20 16963
16 16979
2 16981
6 16987
6 16993
18 17011
10 17021
6 17027
2 17029
4 17033
8 17041
6 17047
6 17053
24 17077
16 17093
6 17099
8 17107
10 17117
6 17123
14 17137
22 17159
8 17167
16 17183
6 17189
2 17191
12 17203
4 17207
2 17209
22 17231
8 17239
18 17257
34 17291
2 17293
6 17299
18 17317
4 17321
6 17327
6 17333
8 17341
10 17351
8 17359
18 17377
6 17383
4 17387
2 17389
4 17393
8 17401
16 17417
2 17419
12 17431
12 17443
6 17449
18 17467
4 17471
6 17477
6 17483
6 17489
2 17491
6 17497
12 17509
10 17519
20 17539
12 17551
18 17569
4 17573
6 17579
2 17581
16 17597
2 17599
10 17609
14 17623
4 17627
30 17657
2 17659
10 17669
12 17681
2 17683
24 17707
6 17713
16 17729
8 17737
10 17747
2 17749
12 17761
22 17783
6 17789
2 17791
16 17807
20 17827
10 17837
2 17839
12 17851
12 17863
18 17881
10 17891
12 17903
6 17909
2 17911
10 17921
2 17923
6 17929
10 17939
18 17957
2 17959
12 17971
6 17977
4 17981
6 17987
2 17989
24 18013
28 18041
2 18043
4 18047
2 18049
10 18059
2 18061
16 18077
12 18089
8 18097
22 18119
2 18121
6 18127
4 18131
2 18133
10 18143
6 18149
20 18169
12 18181
10 18191
8 18199
12 18211
6 18217
6 18223
6 18229
4 18233
18 18251
2 18253
4 18257
12 18269
18 18287
2 18289
12 18301
6 18307
4 18311
2 18313
16 18329
12 18341
12 18353
14 18367
4 18371
8 18379
18 18397
4 18401
12 18413
14 18427
6 18433
6 18439
4 18443
8 18451
6 18457
4 18461
20 18481
12 18493
10 18503
14 18517
4 18521
2 18523
16 18539
2 18541
12 18553
30 18583
4 18587
6 18593
24 18617
20 18637
24 18661
10 18671
8 18679
12 18691
10 18701
12 18713
6 18719
12 18731
12 18743
6 18749
8 18757
16 18773
14 18787
6 18793
4 18797
6 18803
36 18839
20 18859
10 18869
30 18899
12 18911
2 18913
4 18917
2 18919
28 18947
12 18959
14 18973
6 18979
22 19001
8 19009
4 19013
18 19031
6 19037
14 19051
18 19069
4 19073
6 19079
2 19081
6 19087
34 19121
18 19139
2 19141
16 19157
6 19163
18 19181
2 19183
24 19207
4 19211
2 19213
6 19219
12 19231
6 19237
12 19249
10 19259
8 19267
6 19273
16 19289
12 19301
8 19309
10 19319
14 19333
40 19373
6 19379
2 19381
6 19387
4 19391
12 19403
14 19417
4 19421
2 19423
4 19427
2 19429
4 19433
8 19441
6 19447
10 19457
6 19463
6 19469
2 19471
6 19477
6 19483
6 19489
12 19501
6 19507
24 19531
10 19541
2 19543
10 19553
6 19559
12 19571
6 19577
6 19583
14 19597
6 19603
6 19609
52 19661
20 19681
6 19687
10 19697
2 19699
10 19709
8 19717
10 19727
12 19739
12 19751
2 19753
6 19759
4 19763
14 19777
16 19793
8 19801
12 19813
6 19819
22 19841
2 19843
10 19853
8 19861
6 19867
22 19889
2 19891
22 19913
6 19919
8 19927
10 19937
12 19949
12 19961
2 19963
10 19973
6 19979
12 19991
2 19993
4 19997
14 20011
10 20021
2 20023
6 20029
18 20047
4 20051
12 20063
8 20071
18 20089
12 20101
6 20107
6 20113
4 20117
6 20123
6 20129
14 20143
4 20147
2 20149
12 20161
12 20173
4 20177
6 20183
18 20201
18 20219
12 20231
2 20233
16 20249
12 20261
8 20269
18 20287
10 20297
26 20323
4 20327
6 20333
8 20341
6 20347
6 20353
4 20357
2 20359
10 20369
20 20389
4 20393
6 20399
8 20407
4 20411
20 20431
10 20441
2 20443
34 20477
2 20479
4 20483
24 20507
2 20509
12 20521
12 20533
10 20543
6 20549
2 20551
12 20563
30 20593
6 20599
12 20611
16 20627
12 20639
2 20641
22 20663
18 20681
12 20693
14 20707
10 20717
2 20719
12 20731
12 20743
4 20747
2 20749
4 20753
6 20759
12 20771
2 20773
16 20789
18 20807
2 20809
40 20849
8 20857
16 20873
6 20879
8 20887
10 20897
2 20899
4 20903
18 20921
8 20929
10 20939
8 20947
12 20959
4 20963
18 20981
2 20983
18 21001
10 21011
2 21013
4 21017
2 21019
4 21023
8 21031
28 21059
2 21061
6 21067
22 21089
12 21101
6 21107
14 21121
18 21139
4 21143
6 21149
8 21157
6 21163
6 21169
10 21179
8 21187
4 21191
2 21193
18 21211
10 21221
6 21227
20 21247
22 21269
8 21277
6 21283
30 21313
4 21317
2 21319
4 21323
18 21341
6 21347
30 21377
2 21379
4 21383
8 21391
6 21397
4 21401
6 21407
12 21419
14 21433
34 21467
14 21481
6 21487
4 21491
2 21493
6 21499
4 21503
14 21517
4 21521
2 21523
6 21529
28 21557
2 21559
4 21563
6 21569
8 21577
10 21587
2 21589
10 21599
2 21601
10 21611
2 21613
4 21617
30 21647
2 21649
12 21661
12 21673
10 21683
18 21701
12 21713
14 21727
10 21737
2 21739
12 21751
6 21757
10 21767
6 21773
14 21787
12 21799
4 21803
14 21817
4 21821
18 21839
2 21841
10 21851
8 21859
4 21863
8 21871
10 21881
12 21893
18 21911
18 21929
8 21937
6 21943
18 21961
16 21977
14 21991
6 21997
6 22003
10 22013
14 22027
4 22031
6 22037
2 22039
12 22051
12 22063
4 22067
6 22073
6 22079
12 22091
2 22093
16 22109
2 22111
12 22123
6 22129
4 22133
14 22147
6 22153
4 22157
2 22159
12 22171
18 22189
4 22193
36 22229
18 22247
12 22259
12 22271
2 22273
4 22277
2 22279
4 22283
8 22291
12 22303
4 22307
36 22343
6 22349
18 22367
2 22369
12 22381
10 22391
6 22397
12 22409
24 22433
8 22441
6 22447
6 22453
16 22469
12 22481
2 22483
18 22501
10 22511
20 22531
10 22541
2 22543
6 22549
18 22567
4 22571
2 22573
40 22613
6 22619
2 22621
16 22637
2 22639
4 22643
8 22651
18 22669
10 22679
12 22691
6 22697
2 22699
10 22709
8 22717
4 22721
6 22727
12 22739
2 22741
10 22751
18 22769
8 22777
6 22783
4 22787
20 22807
4 22811
6 22817
36 22853
6 22859
2 22861
10 22871
6 22877
24 22901
6 22907
14 22921
16 22937
6 22943
18 22961
2 22963
10 22973
20 22993
10 23003
8 23011
6 23017
4 23021
6 23027
2 23029
10 23039
2 23041
12 23053
4 23057
2 23059
4 23063
8 23071
10 23081
6 23087
12 23099
18 23117
14 23131
12 23143
16 23159
8 23167
6 23173
16 23189
8 23197
4 23201
2 23203
6 23209
18 23227
24 23251
18 23269
10 23279
12 23291
2 23293
4 23297
14 23311
10 23321
6 23327
6 23333
6 23339
18 23357
12 23369
2 23371
28 23399
18 23417
14 23431
16 23447
12 23459
14 23473
24 23497
12 23509
22 23531
6 23537
2 23539
10 23549
8 23557
4 23561
2 23563
4 23567
14 23581
12 23593
6 23599
4 23603
6 23609
14 23623
4 23627
2 23629
4 23633
30 23663
6 23669
2 23671
6 23677
10 23687
2 23689
30 23719
22 23741
2 23743
4 23747
6 23753
8 23761
6 23767
6 23773
16 23789
12 23801
12 23813
6 23819
8 23827
4 23831
2 23833
24 23857
12 23869
4 23873
6 23879
8 23887
6 23893
6 23899
10 23909
2 23911
6 23917
12 23929
28 23957
14 23971
6 23977
4 23981
12 23993
8 24001
6 24007
12 24019
4 24023
6 24029
14 24043
6 24049
12 24061
10 24071
6 24077
6 24083
8 24091
6 24097
6 24103
4 24107
2 24109
4 24113
8 24121
12 24133
4 24137
14 24151
18 24169
10 24179
2 24181
16 24197
6 24203
20 24223
6 24229
10 24239
8 24247
4 24251
30 24281
36 24317
12 24329
8 24337
22 24359
12 24371
2 24373
6 24379
12 24391
16 24407
6 24413
6 24419
2 24421
18 24439
4 24443
26 24469
4 24473
8 24481
18 24499
10 24509
8 24517
10 24527
6 24533
14 24547
4 24551
20 24571
22 24593
18 24611
12 24623
8 24631
28 24659
12 24671
6 24677
6 24683
8 24691
6 24697
12 24709
24 24733
16 24749
14 24763
4 24767
14 24781
12 24793
6 24799
10 24809
12 24821
20 24841
6 24847
4 24851
8 24859
18 24877
12 24889
18 24907
10 24917
2 24919
4 24923
20 24943
10 24953
14 24967
4 24971
6 24977
2 24979
10 24989
24 25013
18 25031
2 25033
4 25037
20 25057
16 25073
14 25087
10 25097
14 25111
6 25117
4 25121
6 25127
20 25147
6 25153
10 25163
6 25169
2 25171
12 25183
6 25189
30 25219
10 25229
8 25237
6 25243
4 25247
6 25253
8 25261
40 25301
2 25303
4 25307
2 25309
12 25321
18 25339
4 25343
6 25349
8 25357
10 25367
6 25373
18 25391
18 25409
2 25411
12 25423
16 25439
8 25447
6 25453
4 25457
6 25463
6 25469
2 25471
52 25523
14 25537
4 25541
20 25561
16 25577
2 25579
4 25583
6 25589
12 25601
2 25603
6 25609
12 25621
12 25633
6 25639
4 25643
14 25657
10 25667
6 25673
6 25679
14 25693
10 25703
14 25717
16 25733
8 25741
6 25747
12 25759
4 25763
8 25771
22 25793
6 25799
2 25801
18 25819
22 25841
6 25847
2 25849
18 25867
6 25873
16 25889
14 25903
10 25913
6 25919
12 25931
2 25933
6 25939
4 25943
8 25951
18 25969
12 25981
16 25997
2 25999
4 26003
14 26017
4 26021
8 26029
12 26041
12 26053
30 26083
16 26099
8 26107
4 26111
2 26113
6 26119
22 26141
12 26153
8 26161
10 26171
6 26177
6 26183
6 26189
14 26203
6 26209
18 26227
10 26237
12 26249
2 26251
10 26261
2 26263
4 26267
26 26293
4 26297
12 26309
8 26317
4 26321
18 26339
8 26347
10 26357
14 26371
16 26387
6 26393
6 26399
8 26407
10 26417
6 26423
8 26431
6 26437
12 26449
10 26459
20 26479
10 26489
8 26497
4 26501
12 26513
26 26539
18 26557
4 26561
12 26573
18 26591
6 26597
30 26627
6 26633
8 26641
6 26647
22 26669
12 26681
2 26683
4 26687
6 26693
6 26699
2 26701
10 26711
2 26713
4 26717
6 26723
6 26729
2 26731
6 26737
22 26759
18 26777
6 26783
18 26801
12 26813
8 26821
12 26833
6 26839
10 26849
12 26861
2 26863
16 26879
2 26881
10 26891
2 26893
10 26903
18 26921
6 26927
20 26947
4 26951
2 26953
6 26959
22 26981
6 26987
6 26993
18 27011
6 27017
14 27031
12 27043
16 27059
2 27061
6 27067
6 27073
4 27077
14 27091
12 27103
4 27107
2 27109
18 27127
16 27143
36 27179
12 27191
6 27197
14 27211
28 27239
2 27241
12 27253
6 27259
12 27271
6 27277
4 27281
2 27283
16 27299
30 27329
8 27337
24 27361
6 27367
30 27397
10 27407
2 27409
18 27427
4 27431
6 27437
12 27449
8 27457
22 27479
2 27481
6 27487
22 27509
18 27527
2 27529
10 27539
2 27541
10 27551
30 27581
2 27583
28 27611
6 27617
14 27631
16 27647
6 27653
20 27673
16 27689
2 27691
6 27697
4 27701
32 27733
4 27737
2 27739
4 27743
6 27749
2 27751
12 27763
4 27767
6 27773
6 27779
12 27791
2 27793
6 27799
4 27803
6 27809
8 27817
6 27823
4 27827
20 27847
4 27851
32 27883
10 27893
8 27901
16 27917
2 27919
22 27941
2 27943
4 27947
6 27953
8 27961
6 27967
16 27983
14 27997
4 28001
18 28019
8 28027
4 28031
20 28051
6 28057
12 28069
12 28081
6 28087
10 28097
2 28099
10 28109
2 28111
12 28123
28 28151
12 28163
18 28181
2 28183
18 28201
10 28211
8 28219
10 28229
48 28277
2 28279
4 28283
6 28289
8 28297
10 28307
2 28309
10 28319
30 28349
2 28351
36 28387
6 28393
10 28403
6 28409
2 28411
18 28429
4 28433
6 28439
8 28447
16 28463
14 28477
16 28493
6 28499
14 28513
4 28517
20 28537
4 28541
6 28547
2 28549
10 28559
12 28571
2 28573
6 28579
12 28591
6 28597
6 28603
4 28607
12 28619
2 28621
6 28627
4 28631
12 28643
6 28649
8 28657
4 28661
2 28663
6 28669
18 28687
10 28697
6 28703
8 28711
12 28723
6 28729
22 28751
2 28753
6 28759
12 28771
18 28789
4 28793
14 28807
6 28813
4 28817
20 28837
6 28843
16 28859
8 28867
4 28871
8 28879
22 28901
8 28909
12 28921
6 28927
6 28933
16 28949
12 28961
18 28979
30 29009
8 29017
4 29021
2 29023
4 29027
6 29033
26 29059
4 29063
14 29077
24 29101
22 29123
6 29129
2 29131
6 29137
10 29147
6 29153
14 29167
6 29173
6 29179
12 29191
10 29201
6 29207
2 29209
12 29221
10 29231
12 29243
8 29251
18 29269
18 29287
10 29297
6 29303
8 29311
16 29327
6 29333
6 29339
8 29347
16 29363
20 29383
4 29387
2 29389
10 29399
2 29401
10 29411
12 29423
6 29429
8 29437
6 29443
10 29453
20 29473
10 29483
18 29501
26 29527
4 29531
6 29537
30 29567
2 29569
4 29573
8 29581
6 29587
12 29599
12 29611
18 29629
4 29633
8 29641
22 29663
6 29669
2 29671
12 29683
34 29717
6 29723
18 29741
12 29753
6 29759
2 29761
28 29789
14 29803
16 29819
14 29833
4 29837
14 29851
12 29863
4 29867
6 29873
6 29879
2 29881
36 29917
4 29921
6 29927
20 29947
12 29959
24 29983
6 29989
22 30011
2 30013
16 30029
18 30047
12 30059
12 30071
18 30089
2 30091
6 30097
6 30103
6 30109
4 30113
6 30119
14 30133
4 30137
2 30139
22 30161
8 30169
12 30181
6 30187
10 30197
6 30203
8 30211
12 30223
18 30241
12 30253
6 30259
10 30269
2 30271
22 30293
14 30307
6 30313
6 30319
4 30323
18 30341
6 30347
20 30367
22 30389
2 30391
12 30403
24 30427
4 30431
18 30449
18 30467
2 30469
22 30491
2 30493
4 30497
12 30509
8 30517
12 30529
10 30539
14 30553
4 30557
2 30559
18 30577
16 30593
38 30631
6 30637
6 30643
6 30649
12 30661
10 30671
6 30677
12 30689
8 30697
6 30703
4 30707
6 30713
14 30727
30 30757
6 30763
10 30773
8 30781
22 30803
6 30809
8 30817
12 30829
10 30839
2 30841
10 30851
2 30853
6 30859
10 30869
2 30871
10 30881
12 30893
18 30911
20 30931
6 30937
4 30941
8 30949
22 30971
6 30977
6 30983
30 31013
6 31019
14 31033
6 31039
12 31051
12 31063
6 31069
10 31079
2 31081
10 31091
30 31121
2 31123
16 31139
8 31147
4 31151
2 31153
6 31159
18 31177
4 31181
2 31183
6 31189
4 31193
26 31219
4 31223
8 31231
6 31237
10 31247
2 31249
4 31253
6 31259
8 31267
4 31271
6 31277
30 31307
12 31319
2 31321
6 31327
6 31333
4 31337
20 31357
22 31379
8 31387
4 31391
2 31393
4 31397
72 31469
8 31477
4 31481
8 31489
22 31511
2 31513
4 31517
14 31531
10 31541
2 31543
4 31547
20 31567
6 31573
10 31583
18 31601
6 31607
20 31627
16 31643
6 31649
8 31657
6 31663
4 31667
20 31687
12 31699
22 31721
2 31723
4 31727
2 31729
12 31741
10 31751
18 31769
2 31771
22 31793
6 31799
18 31817
30 31847
2 31849
10 31859
14 31873
10 31883
8 31891
16 31907
50 31957
6 31963
10 31973
8 31981
10 31991
12 32003
6 32009
18 32027
2 32029
22 32051
6 32057
2 32059
4 32063
6 32069
8 32077
6 32083
6 32089
10 32099
18 32117
2 32119
22 32141
2 32143
16 32159
14 32173
10 32183
6 32189
2 32191
12 32203
10 32213
20 32233
4 32237
14 32251
6 32257
4 32261
36 32297
2 32299
4 32303
6 32309
12 32321
2 32323
4 32327
14 32341
12 32353
6 32359
4 32363
6 32369
2 32371
6 32377
4 32381
20 32401
10 32411
2 32413
10 32423
6 32429
12 32441
2 32443
24 32467
12 32479
12 32491
6 32497
6 32503
4 32507
24 32531
2 32533
4 32537
24 32561
2 32563
6 32569
4 32573
6 32579
8 32587
16 32603
6 32609
2 32611
10 32621
12 32633
14 32647
6 32653
34 32687
6 32693
14 32707
6 32713
4 32717
2 32719
30 32749
22 32771
8 32779
4 32783
6 32789
8 32797
4 32801
2 32803
28 32831
2 32833
6 32839
4 32843
26 32869
18 32887
22 32909
2 32911
6 32917
16 32933
6 32939
2 32941
16 32957
12 32969
2 32971
12 32983
4 32987
6 32993
6 32999
14 33013
10 33023
6 33029
8 33037
12 33049
4 33053
18 33071
2 33073
10 33083
8 33091
16 33107
6 33113
6 33119
30 33149
2 33151
10 33161
18 33179
2 33181
10 33191
8 33199
4 33203
8 33211
12 33223
24 33247
40 33287
2 33289
12 33301
10 33311
6 33317
12 33329
2 33331
12 33343
4 33347
2 33349
4 33353
6 33359
18 33377
14 33391
12 33403
6 33409
4 33413
14 33427
30 33457
4 33461
8 33469
10 33479
8 33487
6 33493
10 33503
18 33521
8 33529
4 33533
14 33547
16 33563
6 33569
8 33577
4 33581
6 33587
2 33589
10 33599
2 33601
12 33613
4 33617
2 33619
4 33623
6 33629
8 33637
4 33641
6 33647
32 33679
24 33703
10 33713
8 33721
18 33739
10 33749
2 33751
6 33757
10 33767
2 33769
4 33773
18 33791
6 33797
12 33809
2 33811
16 33827
2 33829
22 33851
6 33857
6 33863
8 33871
18 33889
4 33893
18 33911
12 33923
8 33931
6 33937
4 33941
20 33961
6 33967
30 33997
22 34019
12 34031
2 34033
6 34039
18 34057
4 34061
62 34123
4 34127
2 34129
12 34141
6 34147
10 34157
2 34159
12 34171
12 34183
28 34211
2 34213
4 34217
14 34231
22 34253
6 34259
2 34261
6 34267
6 34273
10 34283
14 34297
4 34301
2 34303
10 34313
6 34319
8 34327
10 34337
14 34351
10 34361
6 34367
2 34369
12 34381
22 34403
18 34421
8 34429
10 34439
18 34457
12 34469
2 34471
12 34483
4 34487
12 34499
2 34501
10 34511
2 34513
6 34519
18 34537
6 34543
6 34549
34 34583
6 34589
2 34591
12 34603
4 34607
6 34613
18 34631
18 34649
2 34651
16 34667
6 34673
6 34679
8 34687
6 34693
10 34703
18 34721
8 34729
10 34739
8 34747
10 34757
2 34759
4 34763
18 34781
26 34807
12 34819
22 34841
2 34843
4 34847
2 34849
22 34871
6 34877
6 34883
14 34897
16 34913
6 34919
20 34939
10 34949
12 34961
2 34963
18 34981
42 35023
4 35027
24 35051
2 35053
6 35059
10 35069
12 35081
2 35083
6 35089
10 35099
8 35107
4 35111
6 35117
12 35129
12 35141
8 35149
4 35153
6 35159
12 35171
30 35201
20 35221
6 35227
24 35251
6 35257
10 35267
12 35279
2 35281
10 35291
20 35311
6 35317
6 35323
4 35327
12 35339
14 35353
10 35363
18 35381
12 35393
8 35401
6 35407
12 35419
4 35423
14 35437
10 35447
2 35449
12 35461
30 35491
16 35507
2 35509
12 35521
6 35527
4 35531
2 35533
4 35537
6 35543
26 35569
4 35573
18 35591
2 35593
4 35597
6 35603
14 35617
54 35671
6 35677
52 35729
2 35731
16 35747
6 35753
6 35759
12 35771
26 35797
4 35801
2 35803
6 35809
22 35831
6 35837
2 35839
12 35851
12 35863
6 35869
10 35879
18 35897
2 35899
12 35911
12 35923
10 35933
18 35951
12 35963
6 35969
8 35977
6 35983
10 35993
6 35999
8 36007
4 36011
2 36013
4 36017
20 36037
24 36061
6 36067
6 36073
10 36083
14 36097
10 36107
2 36109
22 36131
6 36137
14 36151
10 36161
26 36187
4 36191
18 36209
8 36217
12 36229
12 36241
10 36251
12 36263
6 36269
8 36277
16 36293
6 36299
8 36307
6 36313
6 36319
22 36341
2 36343
10 36353
20 36373
10 36383
6 36389
44 36433
18 36451
6 36457
10 36467
2 36469
4 36473
6 36479
14 36493
4 36497
26 36523
4 36527
2 36529
12 36541
10 36551
8 36559
4 36563
8 36571
12 36583
4 36587
12 36599
8 36607
22 36629
8 36637
6 36643
10 36653
18 36671
6 36677
6 36683
8 36691
6 36697
12 36709
4 36713
8 36721
18 36739
10 36749
12 36761
6 36767
12 36779
2 36781
6 36787
4 36791
2 36793
16 36809
12 36821
12 36833
14 36847
10 36857
14 36871
6 36877
10 36887
12 36899
2 36901
12 36913
6 36919
4 36923
6 36929
2 36931
12 36943
4 36947
26 36973
6 36979
18 36997
6 37003
10 37013
6 37019
2 37021
18 37039
10 37049
8 37057
4 37061
26 37087
10 37097
20 37117
6 37123
16 37139
20 37159
12 37171
10 37181
8 37189
10 37199
2 37201
16 37217
6 37223
20 37243
10 37253
20 37273
4 37277
30 37307
2 37309
4 37313
8 37321
16 37337
2 37339
18 37357
4 37361
2 37363
6 37369
10 37379
18 37397
12 37409
14 37423
18 37441
6 37447
16 37463
20 37483
6 37489
4 37493
8 37501
6 37507
4 37511
6 37517
12 37529
8 37537
10 37547
2 37549
12 37561
6 37567
4 37571
2 37573
6 37579
10 37589
2 37591
16 37607
12 37619
14 37633
10 37643
6 37649
8 37657
6 37663
28 37691
2 37693
6 37699
18 37717
30 37747
34 37781
2 37783
16 37799
12 37811
2 37813
18 37831
16 37847
6 37853
8 37861
10 37871
8 37879
10 37889
8 37897
10 37907
44 37951
6 37957
6 37963
4 37967
20 37987
4 37991
2 37993
4 37997
14 38011
28 38039
8 38047
6 38053
16 38069
14 38083
30 38113
6 38119
30 38149
4 38153
14 38167
10 38177
6 38183
6 38189
8 38197
4 38201
18 38219
12 38231
6 38237
2 38239
22 38261
12 38273
8 38281
6 38287
12 38299
4 38303
14 38317
4 38321
6 38327
2 38329
4 38333
18 38351
20 38371
6 38377
16 38393
38 38431
16 38447
2 38449
4 38453
6 38459
2 38461
40 38501
42 38543
14 38557
4 38561
6 38567
2 38569
24 38593
10 38603
6 38609
2 38611
18 38629
10 38639
12 38651
2 38653
16 38669
2 38671
6 38677
16 38693
6 38699
8 38707
4 38711
2 38713
10 38723
6 38729
8 38737
10 38747
2 38749
18 38767
16 38783
8 38791
12 38803
18 38821
12 38833
6 38839
12 38851
10 38861
6 38867
6 38873
18 38891
12 38903
14 38917
4 38921
2 38923
10 38933
20 38953
6 38959
12 38971
6 38977
16 38993
26 39019
4 39023
18 39041
2 39043
4 39047
32 39079
10 39089
8 39097
6 39103
4 39107
6 39113
6 39119
14 39133
6 39139
18 39157
4 39161
2 39163
18 39181
10 39191
8 39199
10 39209
8 39217
10 39227
2 39229
4 39233
6 39239
2 39241
10 39251
42 39293
8 39301
12 39313
4 39317
6 39323
18 39341
2 39343
16 39359
8 39367
4 39371
2 39373
10 39383
14 39397
12 39409
10 39419
20 39439
4 39443
8 39451
10 39461
38 39499
4 39503
6 39509
2 39511
10 39521
20 39541
10 39551
12 39563
6 39569
12 39581
26 39607
12 39619
4 39623
8 39631
28 39659
8 39667
4 39671
8 39679
24 39703
6 39709
10 39719
8 39727
6 39733
16 39749
12 39761
8 39769
10 39779
12 39791
8 39799
22 39821
6 39827
2 39829
10 39839
2 39841
6 39847
10 39857
6 39863
6 39869
8 39877
6 39883
4 39887
14 39901
28 39929
8 39937
16 39953
18 39971
8 39979
4 39983
6 39989
20 40009
4 40013
18 40031
6 40037
2 40039
24 40063
24 40087
6 40093
6 40099
12 40111
12 40123
4 40127
2 40129
22 40151
2 40153
10 40163
6 40169
8 40177
12 40189
4 40193
20 40213
18 40231
6 40237
4 40241
12 40253
24 40277
6 40283
6 40289
54 40343
8 40351
6 40357
4 40361
26 40387
36 40423
4 40427
2 40429
4 40433
26 40459
12 40471
12 40483
4 40487
6 40493
6 40499
8 40507
12 40519
10 40529
2 40531
12 40543
16 40559
18 40577
6 40583
8 40591
6 40597
12 40609
18 40627
10 40637
2 40639
54 40693
4 40697
2 40699
10 40709
30 40739
12 40751
8 40759
4 40763
8 40771
16 40787
14 40801
12 40813
6 40819
4 40823
6 40829
12 40841
6 40847
2 40849
4 40853
14 40867
12 40879
4 40883
14 40897
6 40903
24 40927
6 40933
6 40939
10 40949
12 40961
12 40973
20 40993
18 41011
6 41017
6 41023
16 41039
8 41047
4 41051
6 41057
20 41077
4 41081
32 41113
4 41117
14 41131
10 41141
2 41143
6 41149
12 41161
16 41177
2 41179
4 41183
6 41189
12 41201
2 41203
10 41213
8 41221
6 41227
4 41231
2 41233
10 41243
14 41257
6 41263
6 41269
12 41281
18 41299
34 41333
8 41341
10 41351
6 41357
24 41381
6 41387
2 41389
10 41399
12 41411
2 41413
30 41443
10 41453
14 41467
12 41479
12 41491
16 41507
6 41513
6 41519
2 41521
18 41539
4 41543
6 41549
30 41579
14 41593
4 41597
6 41603
6 41609
2 41611
6 41617
4 41621
6 41627
14 41641
6 41647
4 41651
8 41659
10 41669
12 41681
6 41687
32 41719
10 41729
8 41737
22 41759
2 41761
10 41771
6 41777
24 41801
8 41809
4 41813
30 41843
6 41849
2 41851
12 41863
16 41879
8 41887
6 41893
4 41897
6 41903
8 41911
16 41927
14 41941
6 41947
6 41953
4 41957
2 41959
10 41969
12 41981
2 41983
16 41999
14 42013
4 42017
2 42019
4 42023
20 42043
18 42061
10 42071
2 42073
10 42083
6 42089
12 42101
30 42131
8 42139
18 42157
12 42169
10 42179
2 42181
6 42187
6 42193
4 42197
12 42209
12 42221
2 42223
4 42227
12 42239
18 42257
24 42281
2 42283
10 42293
6 42299
8 42307
16 42323
8 42331
6 42337
12 42349
10 42359
14 42373
6 42379
12 42391
6 42397
6 42403
4 42407
2 42409
24 42433
4 42437
6 42443
8 42451
6 42457
4 42461
2 42463
4 42467
6 42473
14 42487
4 42491
8 42499
10 42509
24 42533
24 42557
12 42569
2 42571
6 42577
12 42589
22 42611
30 42641
2 42643
6 42649
18 42667
10 42677
6 42683
6 42689
8 42697
4 42701
2 42703
6 42709
10 42719
8 42727
10 42737
6 42743
8 42751
16 42767
6 42773
14 42787
6 42793
4 42797
24 42821
8 42829
10 42839
2 42841
12 42853
6 42859
4 42863
36 42899
2 42901
22 42923
6 42929
8 42937
6 42943
10 42953
8 42961
6 42967
12 42979
10 42989
14 43003
10 43013
6 43019
18 43037
12 43049
2 43051
12 43063
4 43067
26 43093
10 43103
14 43117
16 43133
18 43151
8 43159
18 43177
12 43189
12 43201
6 43207
16 43223
14 43237
24 43261
10 43271
12 43283
8 43291
22 43313
6 43319
2 43321
10 43331
60 43391
6 43397
2 43399
4 43403
8 43411
16 43427
14 43441
10 43451
6 43457
24 43481
6 43487
12 43499
18 43517
24 43541
2 43543
30 43573
4 43577
2 43579
12 43591
6 43597
10 43607
2 43609
4 43613
14 43627
6 43633
16 43649
2 43651
10 43661
8 43669
22 43691
20 43711
6 43717
4 43721
32 43753
6 43759
18 43777
4 43781
2 43783
4 43787
2 43789
4 43793
8 43801
52 43853
14 43867
22 43889
2 43891
22 43913
20 43933
10 43943
8 43951
10 43961
2 43963
6 43969
4 43973
14 43987
4 43991
6 43997
20 44017
4 44021
6 44027
2 44029
12 44041
12 44053
6 44059
12 44071
16 44087
2 44089
12 44101
10 44111
8 44119
4 44123
6 44129
2 44131
28 44159
12 44171
8 44179
10 44189
12 44201
2 44203
4 44207
14 44221
28 44249
8 44257
6 44263
4 44267
2 44269
4 44273
6 44279
2 44281
12 44293
58 44351
6 44357
14 44371
10 44381
2 44383
6 44389
28 44417
32 44449
4 44453
30 44483
8 44491
6 44497
4 44501
6 44507
12 44519
12 44531
2 44533
4 44537
6 44543
6 44549
14 44563
16 44579
8 44587
30 44617
4 44621
2 44623
10 44633
8 44641
6 44647
4 44651
6 44657
26 44683
4 44687
12 44699
2 44701
10 44711
18 44729
12 44741
12 44753
18 44771
2 44773
4 44777
12 44789
8 44797
12 44809
10 44819
20 44839
4 44843
8 44851
16 44867
12 44879
8 44887
6 44893
16 44909
8 44917
10 44927
12 44939
14 44953
6 44959
4 44963
8 44971
12 44983
4 44987
20 45007
6 45013
40 45053
8 45061
16 45077
6 45083
36 45119
2 45121
6 45127
4 45131
6 45137
2 45139
22 45161
18 45179
2 45181
10 45191
6 45197
36 45233
14 45247
12 45259
4 45263
18 45281
8 45289
4 45293
14 45307
10 45317
2 45319
10 45329
8 45337
4 45341
2 45343
18 45361
16 45377
12 45389
14 45403
10 45413
14 45427
6 45433
6 45439
42 45481
10 45491
6 45497
6 45503
20 45523
10 45533
8 45541
12 45553
4 45557
12 45569
18 45587
2 45589
10 45599
14 45613
18 45631
10 45641
18 45659
8 45667
6 45673
4 45677
14 45691
6 45697
10 45707
30 45737
14 45751
6 45757
6 45763
4 45767
12 45779
38 45817
4 45821
2 45823
4 45827
6 45833
8 45841
12 45853
10 45863
6 45869
18 45887
6 45893
50 45943
6 45949
4 45953
6 45959
12 45971
8 45979
10 45989
32 46021
6 46027
22 46049
2 46051
10 46061
12 46073
18 46091
2 46093
6 46099
4 46103
30 46133
8 46141
6 46147
6 46153
18 46171
10 46181
2 46183
4 46187
12 46199
20 46219
10 46229
8 46237
24 46261
10 46271
2 46273
6 46279
22 46301
6 46307
2 46309
18 46327
10 46337
12 46349
2 46351
30 46381
18 46399
12 46411
28 46439
2 46441
6 46447
4 46451
6 46457
14 46471
6 46477
12 46489
10 46499
8 46507
4 46511
12 46523
26 46549
10 46559
8 46567
6 46573
16 46589
2 46591
10 46601
18 46619
14 46633
6 46639
4 46643
6 46649
14 46663
16 46679
2 46681
6 46687
4 46691
12 46703
20 46723
4 46727
20 46747
4 46751
6 46757
12 46769
2 46771
36 46807
4 46811
6 46817
2 46819
10 46829
2 46831
22 46853
8 46861
6 46867
10 46877
12 46889
12 46901
18 46919
14 46933
24 46957
36 46993
4 46997
20 47017
24 47041
10 47051
6 47057
2 47059
28 47087
6 47093
18 47111
8 47119
4 47123
6 47129
8 47137
6 47143
4 47147
2 47149
12 47161
28 47189
18 47207
14 47221
16 47237
14 47251
18 47269
10 47279
8 47287
6 47293
4 47297
6 47303
6 47309
8 47317
22 47339
12 47351
2 47353
10 47363
18 47381
6 47387
2 47389
18 47407
10 47417
2 47419
12 47431
10 47441
18 47459
32 47491
6 47497
4 47501
6 47507
6 47513
8 47521
6 47527
6 47533
10 47543
20 47563
6 47569
12 47581
10 47591
8 47599
10 47609
14 47623
6 47629
10 47639
14 47653
4 47657
2 47659
22 47681
18 47699
2 47701
10 47711
2 47713
4 47717
20 47737
4 47741
2 47743
34 47777
2 47779
12 47791
6 47797
10 47807
2 47809
10 47819
18 47837
6 47843
14 47857
12 47869
12 47881
22 47903
8 47911
6 47917
16 47933
6 47939
8 47947
4 47951
12 47963
6 47969
8 47977
4 47981
36 48017
6 48023
6 48029
20 48049
24 48073
6 48079
12 48091
18 48109
10 48119
2 48121
10 48131
26 48157
6 48163
16 48179
8 48187
6 48193
4 48197
24 48221
18 48239
8 48247
12 48259
12 48271
10 48281
18 48299
12 48311
2 48313
24 48337
4 48341
12 48353
18 48371
12 48383
14 48397
10 48407
2 48409
4 48413
24 48437
12 48449
14 48463
10 48473
6 48479
2 48481
6 48487
4 48491
6 48497
26 48523
4 48527
6 48533
6 48539
2 48541
22 48563
8 48571
18 48589
4 48593
18 48611
8 48619
4 48623
24 48647
2 48649
12 48661
12 48673
4 48677
2 48679
52 48731
2 48733
18 48751
6 48757
4 48761
6 48767
12 48779
2 48781
6 48787
12 48799
10 48809
8 48817
4 48821
2 48823
24 48847
10 48857
2 48859
10 48869
2 48871
12 48883
6 48889
18 48907
40 48947
6 48953
20 48973
16 48989
2 48991
12 49003
6 49009
10 49019
12 49031
2 49033
4 49037
6 49043
14 49057
12 49069
12 49081
22 49103
6 49109
8 49117
4 49121
2 49123
16 49139
18 49157
12 49169
2 49171
6 49177
16 49193
6 49199
2 49201
6 49207
4 49211
12 49223
30 49253
8 49261
16 49277
2 49279
18 49297
10 49307
24 49331
2 49333
6 49339
24 49363
4 49367
2 49369
22 49391
2 49393
16 49409
2 49411
6 49417
12 49429
4 49433
18 49451
8 49459
4 49463
14 49477
4 49481
18 49499
24 49523
6 49529
2 49531
6 49537
10 49547
2 49549
10 49559
38 49597
6 49603
10 49613
14 49627
6 49633
6 49639
24 49663
4 49667
2 49669
12 49681
16 49697
14 49711
16 49727
12 49739
2 49741
6 49747
10 49757
26 49783
4 49787
2 49789
12 49801
6 49807
4 49811
12 49823
8 49831
12 49843
10 49853
18 49871
6 49877
14 49891
28 49919
2 49921
6 49927
10 49937
2 49939
4 49943
14 49957
34 49991
2 49993
6 49999
22 50021
2 50023
10 50033
14 50047
4 50051
2 50053
16 50069
8 50077
10 50087
6 50093
8 50101
10 50111
8 50119
4 50123
6 50129
2 50131
16 50147
6 50153
6 50159
18 50177
30 50207
14 50221
6 50227
4 50231
30 50261
2 50263
10 50273
14 50287
4 50291
20 50311
10 50321
8 50329
4 50333
8 50341
18 50359
4 50363
14 50377
6 50383
4 50387
24 50411
6 50417
6 50423
18 50441
18 50459
2 50461
36 50497
6 50503
10 50513
14 50527
12 50539
4 50543
6 50549
2 50551
30 50581
6 50587
4 50591
2 50593
6 50599
28 50627
20 50647
4 50651
20 50671
12 50683
24 50707
16 50723
18 50741
12 50753
14 50767
6 50773
4 50777
12 50789
32 50821
12 50833
6 50839
10 50849
8 50857
10 50867
6 50873
18 50891
2 50893
16 50909
14 50923
6 50929
22 50951
6 50957
12 50969
2 50971
18 50989
4 50993
8 51001
30 51031
12 51043
4 51047
12 51059
2 51061
10 51071
38 51109
22 51131
2 51133
4 51137
14 51151
6 51157
12 51169
24 51193
4 51197
2 51199
4 51203
14 51217
12 51229
10 51239
2 51241
16 51257
6 51263
20 51283
4 51287
20 51307
22 51329
12 51341
2 51343
4 51347
2 51349
12 51361
22 51383
24 51407
6 51413
6 51419
2 51421
6 51427
4 51431
6 51437
2 51439
10 51449
12 51461
12 51473
6 51479
2 51481
6 51487
16 51503
8 51511
6 51517
4 51521
18 51539
12 51551
12 51563
14 51577
4 51581
12 51593
6 51599
8 51607
6 51613
18 51631
6 51637
10 51647
12 51659
14 51673
6 51679
4 51683
8 51691
22 51713
6 51719
2 51721
28 51749
18 51767
2 51769
18 51787
10 51797
6 51803
14 51817
10 51827
2 51829
10 51839
14 51853
6 51859
10 51869
2 51871
22 51893
6 51899
8 51907
6 51913
16 51929
12 51941
8 51949
22 51971
2 51973
4 51977
14 51991
18 52009
12 52021
6 52027
24 52051
6 52057
10 52067
2 52069
12 52081
22 52103
18 52121
6 52127
20 52147
6 52153
10 52163
14 52177
4 52181
2 52183
6 52189
12 52201
22 52223
14 52237
12 52249
4 52253
6 52259
8 52267
22 52289
2 52291
10 52301
12 52313
8 52321
40 52361
2 52363
6 52369
10 52379
8 52387
4 52391
42 52433
20 52453
4 52457
32 52489
12 52501
10 52511
6 52517
12 52529
12 52541
2 52543
10 52553
8 52561
6 52567
4 52571
8 52579
4 52583
26 52609
18 52627
4 52631
8 52639
28 52667
6 52673
18 52691
6 52697
12 52709
2 52711
10 52721
6 52727
6 52733
14 52747
10 52757
12 52769
14 52783
24 52807
6 52813
4 52817
20 52837
22 52859
2 52861
18 52879
4 52883
6 52889
12 52901
2 52903
16 52919
18 52937
14 52951
6 52957
6 52963
4 52967
6 52973
8 52981
18 52999
4 53003
14 53017
30 53047
4 53051
18 53069
8 53077
10 53087
2 53089
4 53093
8 53101
12 53113
4 53117
12 53129
18 53147
2 53149
12 53161
10 53171
2 53173
16 53189
8 53197
4 53201
30 53231
2 53233
6 53239
28 53267
2 53269
10 53279
2 53281
18 53299
10 53309
14 53323
4 53327
26 53353
6 53359
18 53377
4 53381
20 53401
6 53407
4 53411
8 53419
18 53437
4 53441
12 53453
26 53479
24 53503
4 53507
20 53527
22 53549
2 53551
18 53569
22 53591
2 53593
4 53597
12 53609
2 53611
6 53617
6 53623
6 53629
4 53633
6 53639
14 53653
4 53657
24 53681
12 53693
6 53699
18 53717
2 53719
12 53731
28 53759
14 53773
4 53777
6 53783
8 53791
22 53813
6 53819
12 53831
18 53849
8 53857
4 53861
20 53881
6 53887
4 53891
6 53897
2 53899
18 53917
6 53923
4 53927
12 53939
12 53951
8 53959
28 53987
6 53993
8 54001
10 54011
2 54013
24 54037
12 54049
10 54059
24 54083
8 54091
10 54101
20 54121
12 54133
6 54139
12 54151
12 54163
4 54167
14 54181
12 54193
24 54217
34 54251
18 54269
8 54277
10 54287
6 54293
18 54311
8 54319
4 54323
8 54331
16 54347
14 54361
6 54367
4 54371
6 54377
24 54401
2 54403
6 54409
4 54413
6 54419
2 54421
16 54437
6 54443
6 54449
20 54469
24 54493
4 54497
2 54499
4 54503
14 54517
4 54521
18 54539
2 54541
6 54547
12 54559
4 54563
14 54577
4 54581
2 54583
18 54601
16 54617
6 54623
6 54629
2 54631
16 54647
20 54667
6 54673
6 54679
30 54709
4 54713
8 54721
6 54727
24 54751
16 54767
6 54773
6 54779
8 54787
12 54799
30 54829
4 54833
18 54851
18 54869
8 54877
4 54881
26 54907
10 54917
2 54919
22 54941
8 54949
10 54959
14 54973
6 54979
4 54983
18 55001
8 55009
12 55021
28 55049
2 55051
6 55057
4 55061
12 55073
6 55079
24 55103
6 55109
8 55117
10 55127
20 55147
16 55163
8 55171
30 55201
6 55207
6 55213
4 55217
2 55219
10 55229
14 55243
6 55249
10 55259
32 55291
22 55313
18 55331
2 55333
4 55337
2 55339
4 55343
8 55351
22 55373
8 55381
18 55399
12 55411
28 55439
2 55441
16 55457
12 55469
18 55487
14 55501
10 55511
18 55529
12 55541
6 55547
32 55579
10 55589
14 55603
6 55609
10 55619
2 55621
10 55631
2 55633
6 55639
22 55661
2 55663
4 55667
6 55673
8 55681
10 55691
6 55697
14 55711
6 55717
4 55721
12 55733
30 55763
24 55787
6 55793
6 55799
8 55807
6 55813
4 55817
2 55819
4 55823
6 55829
8 55837
6 55843
6 55849
22 55871
18 55889
8 55897
4 55901
2 55903
18 55921
6 55927
4 55931
2 55933
16 55949
18 55967
20 55987
10 55997
6 56003
6 56009
30 56039
2 56041
12 56053
28 56081
6 56087
6 56093
6 56099
2 56101
12 56113
10 56123
8 56131
18 56149
18 56167
4 56171
8 56179
18 56197
10 56207
2 56209
28 56237
2 56239
10 56249
14 56263
4 56267
2 56269
30 56299
12 56311
22 56333
26 56359
10 56369
8 56377
6 56383
10 56393
8 56401
16 56417
14 56431
6 56437
6 56443
10 56453
14 56467
6 56473
4 56477
2 56479
10 56489
12 56501
2 56503
6 56509
10 56519
8 56527
4 56531
2 56533
10 56543
26 56569
22 56591
6 56597
2 56599
12 56611
18 56629
4 56633
26 56659
4 56663
8 56671
10 56681
6 56687
14 56701
10 56711
2 56713
18 56731
6 56737
10 56747
20 56767
6 56773
6 56779
4 56783
24 56807
2 56809
4 56813
8 56821
6 56827
16 56843
14 56857
16 56873
18 56891
2 56893
4 56897
12 56909
2 56911
10 56921
2 56923
6 56929
12 56941
10 56951
6 56957
6 56963
20 56983
6 56989
4 56993
6 56999
38 57037
4 57041
6 57047
12 57059
14 57073
4 57077
12 57089
8 57097
10 57107
12 57119
12 57131
8 57139
4 57143
6 57149
14 57163
10 57173
6 57179
12 57191
2 57193
10 57203
18 57221
2 57223
18 57241
10 57251
8 57259
10 57269
2 57271
12 57283
4 57287
14 57301
28 57329
2 57331
16 57347
2 57349
18 57367
6 57373
10 57383
6 57389
8 57397
16 57413
14 57427
30 57457
10 57467
20 57487
6 57493
10 57503
24 57527
2 57529
28 57557
2 57559
12 57571
16 57587
6 57593
8 57601
36 57637
4 57641
8 57649
4 57653
14 57667
12 57679
10 57689
8 57697
12 57709
4 57713
6 57719
8 57727
4 57731
6 57737
14 57751
22 57773
8 57781
6 57787
4 57791
2 57793
10 57803
6 57809
20 57829
10 57839
8 57847
6 57853
6 57859
22 57881
18 57899
2 57901
16 57917
6 57923
20 57943
4 57947
26 57973
4 57977
14 57991
22 58013
14 58027
4 58031
12 58043
6 58049
8 58057
4 58061
6 58067
6 58073
26 58099
10 58109
2 58111
18 58129
18 58147
4 58151
2 58153
16 58169
2 58171
18 58189
4 58193
6 58199
8 58207
4 58211
6 58217
12 58229
2 58231
6 58237
6 58243
28 58271
38 58309
4 58313
8 58321
16 58337
26 58363
4 58367
2 58369
10 58379
12 58391
2 58393
10 58403
8 58411
6 58417
10 58427
12 58439
2 58441
10 58451
2 58453
24 58477
4 58481
30 58511
26 58537
6 58543
6 58549
18 58567
6 58573
6 58579
22 58601
2 58603
10 58613
18 58631
26 58657
4 58661
18 58679
8 58687
6 58693
6 58699
12 58711
16 58727
6 58733
8 58741
16 58757
6 58763
8 58771
16 58787
2 58789
42 58831
58 58889
8 58897
4 58901
6 58907
2 58909
4 58913
8 58921
16 58937
6 58943
20 58963
4 58967
12 58979
12 58991
6 58997
12 59009
2 59011
10 59021
2 59023
6 59029
22 59051
2 59053
10 59063
6 59069
8 59077
6 59083
10 59093
14 59107
6 59113
6 59119
4 59123
18 59141
8 59149
10 59159
8 59167
16 59183
14 59197
10 59207
2 59209
10 59219
2 59221
12 59233
6 59239
4 59243
20 59263
10 59273
8 59281
52 59333
8 59341
10 59351
6 59357
2 59359
10 59369
8 59377
10 59387
6 59393
6 59399
8 59407
10 59417
2 59419
22 59441
2 59443
4 59447
6 59453
14 59467
4 59471
2 59473
24 59497
12 59509
4 59513
26 59539
18 59557
4 59561
6 59567
14 59581
30 59611
6 59617
4 59621
6 59627
2 59629
22 59651
8 59659
4 59663
6 59669
2 59671
22 59693
6 59699
8 59707
16 59723
6 59729
14 59743
4 59747
6 59753
18 59771
8 59779
12 59791
6 59797
12 59809
24 59833
30 59863
16 59879
8 59887
34 59921
8 59929
22 59951
6 59957
14 59971
10 59981
18 59999
14 60013
4 60017
12 60029
8 60037
4 60041
36 60077
6 60083
6 60089
2 60091
10 60101
2 60103
4 60107
20 60127
6 60133
6 60139
10 60149
12 60161
6 60167
2 60169
40 60209
8 60217
6 60223
28 60251
6 60257
2 60259
12 60271
18 60289
4 60293
24 60317
14 60331
6 60337
6 60343
10 60353
20 60373
10 60383
14 60397
16 60413
14 60427
16 60443
6 60449
8 60457
36 60493
4 60497
12 60509
12 60521
6 60527
12 60539
50 60589
12 60601
6 60607
4 60611
6 60617
6 60623
8 60631
6 60637
10 60647
2 60649
10 60659
2 60661
18 60679
10 60689
14 60703
16 60719
8 60727
6 60733
4 60737
20 60757
4 60761
2 60763
10 60773
6 60779
14 60793
18 60811
10 60821
38 60859
10 60869
18 60887
2 60889
10 60899
2 60901
12 60913
4 60917
2 60919
4 60923
14 60937
6 60943
10 60953
8 60961
40 61001
6 61007
20 61027
4 61031
12 61043
8 61051
6 61057
34 61091
8 61099
22 61121
8 61129
12 61141
10 61151
2 61153
16 61169
42 61211
12 61223
8 61231
22 61253
8 61261
22 61283
8 61291
6 61297
34 61331
2 61333
6 61339
4 61343
14 61357
6 61363
16 61379
2 61381
22 61403
6 61409
8 61417
24 61441
22 61463
6 61469
2 61471
12 61483
4 61487
6 61493
14 61507
4 61511
8 61519
24 61543
4 61547
6 61553
6 61559
2 61561
22 61583
20 61603
6 61609
4 61613
14 61627
4 61631
6 61637
6 61643
8 61651
6 61657
10 61667
6 61673
8 61681
6 61687
16 61703
14 61717
6 61723
6 61729
22 61751
6 61757
24 61781
32 61813
6 61819
18 61837
6 61843
18 61861
10 61871
8 61879
30 61909
18 61927
6 61933
16 61949
12 61961
6 61967
12 61979
2 61981
6 61987
4 61991
12 62003
8 62011
6 62017
22 62039
8 62047
6 62053
4 62057
14 62071
10 62081
18 62099
20 62119
10 62129
2 62131
6 62137
4 62141
2 62143
28 62171
18 62189
2 62191
10 62201
6 62207
6 62213
6 62219
14 62233
40 62273
24 62297
2 62299
4 62303
8 62311
12 62323
4 62327
20 62347
4 62351
32 62383
18 62401
16 62417
6 62423
36 62459
8 62467
6 62473
4 62477
6 62483
14 62497
4 62501
6 62507
26 62533
6 62539
10 62549
14 62563
18 62581
10 62591
6 62597
6 62603
14 62617
10 62627
6 62633
6 62639
14 62653
6 62659
24 62683
4 62687
14 62701
22 62723
8 62731
12 62743
10 62753
8 62761
12 62773
18 62791
10 62801
18 62819
8 62827
24 62851
10 62861
8 62869
4 62873
24 62897
6 62903
18 62921
6 62927
2 62929
10 62939
30 62969
2 62971
10 62981
2 62983
4 62987
2 62989
40 63029
2 63031
28 63059
8 63067
6 63073
6 63079
18 63097
6 63103
10 63113
14 63127
4 63131
18 63149
30 63179
18 63197
2 63199
12 63211
30 63241
6 63247
30 63277
4 63281
18 63299
12 63311
2 63313
4 63317
14 63331
6 63337
10 63347
6 63353
8 63361
6 63367
10 63377
12 63389
2 63391
6 63397
12 63409
10 63419
2 63421
18 63439
4 63443
20 63463
4 63467
6 63473
14 63487
6 63493
6 63499
22 63521
6 63527
6 63533
8 63541
18 63559
18 63577
10 63587
2 63589
10 63599
2 63601
6 63607
4 63611
6 63617
12 63629
18 63647
2 63649
10 63659
8 63667
4 63671
18 63689
2 63691
6 63697
6 63703
6 63709
10 63719
8 63727
10 63737
6 63743
18 63761
12 63773
8 63781
12 63793
6 63799
4 63803
6 63809
14 63823
16 63839
2 63841
12 63853
4 63857
6 63863
38 63901
6 63907
6 63913
16 63929
20 63949
28 63977
20 63997
10 64007
6 64013
6 64019
14 64033
4 64037
26 64063
4 64067
14 64081
10 64091
18 64109
14 64123
28 64151
2 64153
4 64157
14 64171
16 64187
2 64189
28 64217
6 64223
8 64231
6 64237
34 64271
8 64279
4 64283
18 64301
2 64303
16 64319
8 64327
6 64333
40 64373
8 64381
18 64399
4 64403
30 64433
6 64439
12 64451
2 64453
30 64483
6 64489
10 64499
14 64513
40 64553
14 64567
10 64577
2 64579
12 64591
10 64601
8 64609
4 64613
8 64621
6 64627
6 64633
28 64661
2 64663
4 64667
12 64679
14 64693
16 64709
8 64717
30 64747
16 64763
18 64781
2 64783
10 64793
18 64811
6 64817
32 64849
4 64853
18 64871
6 64877
2 64879
12 64891
10 64901
18 64919
2 64921
6 64927
10 64937
14 64951
18 64969
28 64997
6 65003
8 65011
16 65027
2 65029
4 65033
20 65053
10 65063
8 65071
18 65089
10 65099
2 65101
10 65111
8 65119
4 65123
6 65129
12 65141
6 65147
20 65167
4 65171
2 65173
6 65179
4 65183
20 65203
10 65213
26 65239
18 65257
10 65267
2 65269
18 65287
6 65293
16 65309
14 65323
4 65327
26 65353
4 65357
14 65371
10 65381
12 65393
14 65407
6 65413
6 65419
4 65423
14 65437
10 65447
2 65449
30 65479
18 65497
22 65519
2 65521
16 65537
2 65539
4 65543
8 65551
6 65557
6 65563
16 65579
2 65581
6 65587
12 65599
10 65609
8 65617
12 65629
4 65633
14 65647
4 65651
6 65657
20 65677
10 65687
12 65699
2 65701
6 65707
6 65713
4 65717
2 65719
10 65729
2 65731
30 65761
16 65777
12 65789
20 65809
18 65827
4 65831
6 65837
2 65839
4 65843
8 65851
16 65867
14 65881
18 65899
22 65921
6 65927
2 65929
22 65951
6 65957
6 65963
18 65981
2 65983
10 65993
36 66029
8 66037
4 66041
6 66047
20 66067
4 66071
12 66083
6 66089
14 66103
4 66107
2 66109
28 66137
24 66161
8 66169
4 66173
6 66179
12 66191
30 66221
18 66239
32 66271
22 66293
8 66301
36 66337
6 66343
4 66347
12 66359
2 66361
12 66373
4 66377
6 66383
20 66403
10 66413
18 66431
18 66449
8 66457
6 66463
4 66467
24 66491
8 66499
10 66509
14 66523
6 66529
4 66533
8 66541
12 66553
16 66569
2 66571
16 66587
6 66593
8 66601
16 66617
12 66629
14 66643
10 66653
30 66683
14 66697
4 66701
12 66713
8 66721
12 66733
6 66739
10 66749
2 66751
12 66763
28 66791
6 66797
12 66809
12 66821
20 66841
10 66851
2 66853
10 66863
14 66877
6 66883
6 66889
30 66919
4 66923
8 66931
12 66943
4 66947
2 66949
10 66959
14 66973
4 66977
26 67003
18 67021
12 67033
10 67043
6 67049
8 67057
4 67061
12 67073
6 67079
24 67103
18 67121
8 67129
10 67139
2 67141
12 67153
4 67157
12 67169
12 67181
6 67187
2 67189
22 67211
2 67213
4 67217
2 67219
12 67231
16 67247
14 67261
10 67271
2 67273
16 67289
18 67307
32 67339
4 67343
6 67349
20 67369
22 67391
8 67399
10 67409
2 67411
10 67421
6 67427
2 67429
4 67433
14 67447
6 67453
24 67477
4 67481
8 67489
4 67493
6 67499
12 67511
12 67523
8 67531
6 67537
10 67547
12 67559
8 67567
10 67577
2 67579
10 67589
12 67601
6 67607
12 67619
12 67631
20 67651
28 67679
20 67699
10 67709
14 67723
10 67733
8 67741
10 67751
6 67757
2 67759
4 67763
14 67777
6 67783
6 67789
12 67801
6 67807
12 67819
10 67829
14 67843
10 67853
14 67867
16 67883
8 67891
10 67901
26 67927
4 67931
2 67933
6 67939
4 67943
14 67957
4 67961
6 67967
12 67979
8 67987
6 67993
30 68023
18 68041
12 68053
6 68059
12 68071
16 68087
12 68099
12 68111
2 68113
28 68141
6 68147
14 68161
10 68171
36 68207
2 68209
4 68213
6 68219
8 68227
12 68239
22 68261
18 68279
2 68281
30 68311
18 68329
22 68351
20 68371
18 68389
10 68399
38 68437
6 68443
4 68447
2 68449
24 68473
4 68477
6 68483
6 68489
2 68491
10 68501
6 68507
14 68521
10 68531
8 68539
4 68543
24 68567
14 68581
16 68597
14 68611
22 68633
6 68639
20 68659
10 68669
14 68683
4 68687
12 68699
12 68711
2 68713
16 68729
8 68737
6 68743
6 68749
18 68767
4 68771
6 68777
14 68791
22 68813
6 68819
2 68821
42 68863
16 68879
2 68881
10 68891
6 68897
2 68899
4 68903
6 68909
8 68917
10 68927
20 68947
16 68963
30 68993
8 69001
10 69011
8 69019
10 69029
2 69031
30 69061
6 69067
6 69073
36 69109
10 69119
8 69127
16 69143
6 69149
2 69151
12 69163
28 69191
2 69193
4 69197
6 69203
18 69221
12 69233
6 69239
8 69247
10 69257
2 69259
4 69263
50 69313
4 69317
20 69337
4 69341
30 69371
8 69379
4 69383
6 69389
12 69401
2 69403
24 69427
4 69431
8 69439
18 69457
6 69463
4 69467
6 69473
8 69481
10 69491
2 69493
4 69497
2 69499
40 69539
18 69557
36 69593
30 69623
30 69653
8 69661
16 69677
14 69691
6 69697
12 69709
28 69737
2 69739
22 69761
2 69763
4 69767
12 69779
30 69809
12 69821
6 69827
2 69829
4 69833
14 69847
10 69857
2 69859
18 69877
22 69899
12 69911
18 69929
2 69931
10 69941
18 69959
32 69991
6 69997
4 70001
2 70003
6 70009
10 70019
20 70039
12 70051
10 70061
6 70067
12 70079
20 70099
12 70111
6 70117
4 70121
2 70123
16 70139
2 70141
16 70157
6 70163
14 70177
4 70181
2 70183
16 70199
2 70201
6 70207
16 70223
6 70229
8 70237
4 70241
8 70249
22 70271
18 70289
8 70297
12 70309
4 70313
8 70321
6 70327
24 70351
22 70373
6 70379
2 70381
12 70393
30 70423
6 70429
10 70439
12 70451
6 70457
2 70459
22 70481
6 70487
2 70489
12 70501
6 70507
22 70529
8 70537
12 70549
22 70571
2 70573
10 70583
6 70589
18 70607
12 70619
2 70621
6 70627
12 70639
18 70657
6 70663
4 70667
20 70687
22 70709
8 70717
12 70729
24 70753
16 70769
14 70783
10 70793
30 70823
18 70841
2 70843
6 70849
4 70853
14 70867
10 70877
2 70879
12 70891
10 70901
12 70913
6 70919
2 70921
16 70937
12 70949
2 70951
6 70957
12 70969
10 70979
2 70981
10 70991
6 70997
2 70999
12 71011
12 71023
16 71039
20 71059
10 71069
12 71081
8 71089
30 71119
10 71129
14 71143
4 71147
6 71153
8 71161
6 71167
4 71171
20 71191
18 71209
24 71233
4 71237
12 71249
8 71257
4 71261
2 71263
24 71287
6 71293
24 71317
10 71327
2 71329
4 71333
6 71339
2 71341
6 71347
6 71353
6 71359
4 71363
24 71387
2 71389
10 71399
12 71411
2 71413
6 71419
10 71429
8 71437
6 71443
10 71453
18 71471
2 71473
6 71479
4 71483
20 71503
24 71527
10 71537
12 71549
2 71551
12 71563
6 71569
24 71593
4 71597
36 71633
14 71647
16 71663
8 71671
22 71693
6 71699
8 71707
4 71711
2 71713
6 71719
22 71741
20 71761
16 71777
12 71789
18 71807
2 71809
12 71821
16 71837
6 71843
6 71849
12 71861
6 71867
12 71879
2 71881
6 71887
12 71899
10 71909
8 71917
16 71933
8 71941
6 71947
16 71963
8 71971
12 71983
4 71987
6 71993
6 71999
20 72019
12 72031
12 72043
4 72047
6 72053
20 72073
4 72077
12 72089
2 72091
10 72101
2 72103
6 72109
30 72139
22 72161
6 72167
2 72169
4 72173
38 72211
10 72221
2 72223
4 72227
2 72229
22 72251
2 72253
16 72269
2 72271
6 72277
10 72287
20 72307
6 72313
24 72337
4 72341
12 72353
14 72367
12 72379
4 72383
38 72421
10 72431
30 72461
6 72467
2 72469
12 72481
12 72493
4 72497
6 72503
30 72533
14 72547
4 72551
8 72559
18 72577
36 72613
4 72617
6 72623
20 72643
4 72647
2 72649
12 72661
10 72671
2 72673
6 72679
10 72689
12 72701
6 72707
12 72719
8 72727
6 72733
6 72739
24 72763
4 72767
30 72797
20 72817
6 72823
36 72859
10 72869
2 72871
12 72883
6 72889
4 72893
8 72901
6 72907
4 72911
12 72923
8 72931
6 72937
12 72949
4 72953
6 72959
14 72973
4 72977
20 72997
12 73009
4 73013
6 73019
18 73037
2 73039
4 73043
18 73061
2 73063
16 73079
12 73091
30 73121
6 73127
6 73133
8 73141
40 73181
8 73189
48 73237
6 73243
16 73259
18 73277
14 73291
12 73303
6 73309
18 73327
4 73331
20 73351
10 73361
2 73363
6 73369
10 73379
8 73387
30 73417
4 73421
12 73433
20 73453
6 73459
12 73471
6 73477
6 73483
34 73517
6 73523
6 73529
18 73547
6 73553
8 73561
10 73571
12 73583
6 73589
8 73597
10 73607
2 73609
4 73613
24 73637
6 73643
8 73651
22 73673
6 73679
2 73681
12 73693
6 73699
10 73709
12 73721
6 73727
24 73751
6 73757
14 73771
12 73783
36 73819
4 73823
24 73847
2 73849
10 73859
8 73867
10 73877
6 73883
14 73897
10 73907
32 73939
4 73943
8 73951
10 73961
12 73973
26 73999
18 74017
4 74021
6 74027
20 74047
4 74051
20 74071
6 74077
16 74093
6 74099
2 74101
30 74131
12 74143
6 74149
10 74159
2 74161
6 74167
10 74177
12 74189
8 74197
4 74201
2 74203
6 74209
10 74219
12 74231
26 74257
22 74279
8 74287
6 74293
4 74297
14 74311
6 74317
6 74323
30 74353
4 74357
6 74363
14 74377
4 74381
2 74383
28 74411
2 74413
6 74419
22 74441
8 74449
4 74453
18 74471
18 74489
18 74507
2 74509
12 74521
6 74527
4 74531
20 74551
10 74561
6 74567
6 74573
14 74587
10 74597
12 74609
2 74611
12 74623
30 74653
34 74687
12 74699
8 74707
6 74713
4 74717
2 74719
10 74729
2 74731
16 74747
12 74759
2 74761
10 74771
8 74779
18 74797
24 74821
6 74827
4 74831
12 74843
14 74857
4 74861
8 74869
4 74873
14 74887
4 74891
6 74897
6 74903
20 74923
6 74929
4 74933
8 74941
18 74959
52 75011
2 75013
4 75017
12 75029
8 75037
4 75041
38 75079
4 75083
26 75109
24 75133
16 75149
12 75161
6 75167
2 75169
12 75181
12 75193
16 75209
2 75211
6 75217
6 75223
4 75227
12 75239
14 75253
16 75269
8 75277
12 75289
18 75307
16 75323
6 75329
8 75337
10 75347
6 75353
14 75367
10 75377
12 75389
2 75391
10 75401
2 75403
4 75407
24 75431
6 75437
42 75479
24 75503
8 75511
10 75521
6 75527
6 75533
6 75539
2 75541
12 75553
4 75557
14 75571
6 75577
6 75583
28 75611
6 75617
2 75619
10 75629
12 75641
12 75653
6 75659
20 75679
4 75683
6 75689
14 75703
4 75707
2 75709
12 75721
10 75731
12 75743
24 75767
6 75773
8 75781
6 75787
6 75793
4 75797
24 75821
12 75833
20 75853
16 75869
14 75883
30 75913
18 75931
6 75937
4 75941
26 75967
12 75979
4 75983
6 75989
2 75991
6 75997
4 76001
2 76003
28 76031
8 76039
40 76079
2 76081
10 76091
8 76099
4 76103
20 76123
6 76129
18 76147
10 76157
2 76159
4 76163
44 76207
6 76213
18 76231
12 76243
6 76249
4 76253
6 76259
2 76261
22 76283
6 76289
14 76303
30 76333
10 76343
24 76367
2 76369
10 76379
8 76387
16 76403
18 76421
2 76423
18 76441
22 76463
8 76471
10 76481
6 76487
6 76493
14 76507
4 76511
8 76519
18 76537
4 76541
2 76543
18 76561
18 76579
18 76597
6 76603
4 76607
24 76631
18 76649
2 76651
16 76667
6 76673
6 76679
18 76697
20 76717
16 76733
20 76753
4 76757
14 76771
6 76777
4 76781
20 76801
18 76819
10 76829
2 76831
6 76837
10 76847
24 76871
2 76873
10 76883
24 76907
6 76913
6 76919
24 76943
6 76949
12 76961
2 76963
28 76991
12 77003
14 77017
6 77023
6 77029
12 77041
6 77047
22 77069
12 77081
12 77093
8 77101
36 77137
4 77141
12 77153
14 77167
4 77171
20 77191
10 77201
12 77213
24 77237
2 77239
4 77243
6 77249
12 77261
2 77263
4 77267
2 77269
10 77279
12 77291
26 77317
6 77323
16 77339
8 77347
4 77351
8 77359
10 77369
8 77377
6 77383
34 77417
2 77419
12 77431
16 77447
24 77471
6 77477
2 77479
10 77489
2 77491
18 77509
4 77513
8 77521
6 77527
16 77543
6 77549
2 77551
6 77557
6 77563
6 77569
4 77573
14 77587
4 77591
20 77611
6 77617
4 77621
20 77641
6 77647
12 77659
22 77681
6 77687
2 77689
10 77699
12 77711
2 77713
6 77719
4 77723
8 77731
12 77743
4 77747
14 77761
12 77773
10 77783
14 77797
4 77801
12 77813
26 77839
10 77849
14 77863
4 77867
26 77893
6 77899
30 77929
4 77933
18 77951
18 77969
8 77977
6 77983
16 77999
8 78007
10 78017
14 78031
10 78041
8 78049
10 78059
20 78079
22 78101
20 78121
16 78137
2 78139
18 78157
6 78163
4 78167
6 78173
6 78179
12 78191
2 78193
10 78203
26 78229
4 78233
8 78241
18 78259
18 78277
6 78283
18 78301
6 78307
4 78311
6 78317
24 78341
6 78347
20 78367
34 78401
26 78427
10 78437
2 78439
28 78467
12 78479
8 78487
10 78497
12 78509
2 78511
6 78517
22 78539
2 78541
12 78553
16 78569
2 78571
6 78577
6 78583
10 78593
14 78607
16 78623
20 78643
6 78649
4 78653
38 78691
6 78697
10 78707
6 78713
8 78721
16 78737
42 78779
2 78781
6 78787
4 78791
6 78797
6 78803
6 78809
14 78823
16 78839
14 78853
4 78857
20 78877
10 78887
2 78889
4 78893
8 78901
18 78919
10 78929
12 78941
36 78977
2 78979
10 78989
42 79031
8 79039
4 79043
20 79063
24 79087
16 79103
8 79111
22 79133
6 79139
8 79147
4 79151
2 79153
6 79159
22 79181
6 79187
6 79193
8 79201
28 79229
2 79231
10 79241
18 79259
14 79273
6 79279
4 79283
18 79301
8 79309
10 79319
14 79333
4 79337
12 79349
8 79357
10 79367
12 79379
14 79393
4 79397
2 79399
12 79411
12 79423
4 79427
6 79433
18 79451
30 79481
12 79493
38 79531
6 79537
12 79549
10 79559
2 79561
18 79579
10 79589
12 79601
8 79609
4 79613
8 79621
6 79627
4 79631
2 79633
24 79657
12 79669
18 79687
4 79691
2 79693
4 79697
2 79699
58 79757
12 79769
8 79777
24 79801
10 79811
2 79813
4 79817
6 79823
6 79829
12 79841
2 79843
4 79847
14 79861
6 79867
6 79873
16 79889
12 79901
2 79903
4 79907
32 79939
4 79943
24 79967
6 79973
6 79979
8 79987
10 79997
2 79999
22 80021
18 80039
12 80051
20 80071
6 80077
30 80107
4 80111
30 80141
6 80147
2 80149
4 80153
14 80167
6 80173
4 80177
14 80191
16 80207
2 80209
12 80221
10 80231
2 80233
6 80239
12 80251
12 80263
10 80273
6 80279
8 80287
22 80309
8 80317
12 80329
12 80341
6 80347
16 80363
6 80369
18 80387
20 80407
22 80429
18 80447
2 80449
22 80471
2 80473
16 80489
2 80491
22 80513
14 80527
10 80537
20 80557
10 80567
32 80599
4 80603
8 80611
10 80621
6 80627
2 80629
22 80651
6 80657
12 80669
2 80671
6 80677
4 80681
2 80683
4 80687
14 80701
12 80713
24 80737
10 80747
2 80749
12 80761
16 80777
2 80779
4 80783
6 80789
14 80803
6 80809
10 80819
12 80831
2 80833
16 80849
14 80863
34 80897
12 80909
2 80911
6 80917
6 80923
6 80929
4 80933
20 80953
10 80963
26 80989
12 81001
12 81013
4 81017
2 81019
4 81023
8 81031
10 81041
2 81043
4 81047
2 81049
22 81071
6 81077
6 81083
14 81097
4 81101
18 81119
12 81131
26 81157
6 81163
10 81173
8 81181
16 81197
2 81199
4 81203
20 81223
10 81233
6 81239
42 81281
2 81283
10 81293
6 81299
8 81307
24 81331
12 81343
6 81349
4 81353
6 81359
12 81371
2 81373
28 81401
8 81409
12 81421
18 81439
18 81457
6 81463
46 81509
8 81517
10 81527
6 81533
14 81547
4 81551
2 81553
6 81559
4 81563
6 81569
42 81611
8 81619
10 81629
8 81637
10 81647
2 81649
18 81667
4 81671
6 81677
12 81689
12 81701
2 81703
4 81707
20 81727
10 81737
12 81749
12 81761
8 81769
4 81773
26 81799
18 81817
22 81839
8 81847
6 81853
16 81869
14 81883
16 81899
2 81901
18 81919
10 81929
2 81931
6 81937
6 81943
10 81953
14 81967
4 81971
2 81973
30 82003
4 82007
2 82009
4 82013
8 82021
10 82031
6 82037
2 82039
12 82051
16 82067
6 82073
56 82129
10 82139
2 82141
12 82153
10 82163
8 82171
12 82183
6 82189
4 82193
14 82207
10 82217
2 82219
4 82223
8 82231
6 82237
4 82241
20 82261
6 82267
12 82279
22 82301
6 82307
32 82339
10 82349
2 82351
10 82361
12 82373
14 82387
6 82393
28 82421
36 82457
6 82463
6 82469
2 82471
12 82483
4 82487
6 82493
6 82499
8 82507
22 82529
2 82531
18 82549
10 82559
2 82561
6 82567
4 82571
20 82591
10 82601
8 82609
4 82613
6 82619
14 82633
18 82651
6 82657
42 82699
22 82721
2 82723
4 82727
2 82729
28 82757
2 82759
4 82763
18 82781
6 82787
6 82793
6 82799
12 82811
2 82813
24 82837
10 82847
36 82883
6 82889
2 82891
12 82903
10 82913
26 82939
24 82963
18 82981
16 82997
6 83003
6 83009
14 83023
24 83047
12 83059
4 83063
8 83071
6 83077
12 83089
4 83093
8 83101
16 83117
20 83137
40 83177
26 83203
4 83207
12 83219
2 83221
6 83227
4 83231
2 83233
10 83243
14 83257
10 83267
2 83269
4 83273
26 83299
12 83311
28 83339
2 83341
16 83357
26 83383
6 83389
10 83399
2 83401
6 83407
10 83417
6 83423
8 83431
6 83437
6 83443
6 83449
10 83459
12 83471
6 83477
20 83497
40 83537
20 83557
4 83561
2 83563
16 83579
12 83591
6 83597
12 83609
8 83617
4 83621
18 83639
2 83641
12 83653
10 83663
26 83689
12 83701
16 83717
2 83719
18 83737
24 83761
12 83773
4 83777
14 83791
22 83813
20 83833
10 83843
14 83857
12 83869
4 83873
18 83891
12 83903
8 83911
10 83921
12 83933
6 83939
30 83969
14 83983
4 83987
24 84011
6 84017
30 84047
6 84053
6 84059
2 84061
6 84067
22 84089
32 84121
6 84127
4 84131
6 84137
6 84143
20 84163
16 84179
2 84181
10 84191
8 84199
12 84211
10 84221
2 84223
6 84229
10 84239
8 84247
16 84263
36 84299
8 84307
6 84313
4 84317
2 84319
28 84347
2 84349
28 84377
12 84389
2 84391
10 84401
6 84407
14 84421
10 84431
6 84437
6 84443
6 84449
8 84457
6 84463
4 84467
14 84481
18 84499
4 84503
6 84509
12 84521
2 84523
10 84533
18 84551
8 84559
30 84589
40 84629
2 84631
18 84649
4 84653
6 84659
14 84673
18 84691
6 84697
4 84701
12 84713
6 84719
12 84731
6 84737
14 84751
10 84761
26 84787
6 84793
16 84809
2 84811
16 84827
30 84857
2 84859
10 84869
2 84871
42 84913
6 84919
28 84947
14 84961
6 84967
10 84977
2 84979
12 84991
18 85009
12 85021
6 85027
10 85037
12 85049
12 85061
20 85081
6 85087
4 85091
2 85093
10 85103
6 85109
12 85121
12 85133
14 85147
12 85159
34 85193
6 85199
2 85201
12 85213
10 85223
6 85229
8 85237
6 85243
4 85247
12 85259
38 85297
6 85303
10 85313
18 85331
2 85333
28 85361
2 85363
6 85369
12 85381
30 85411
16 85427
2 85429
10 85439
8 85447
4 85451
2 85453
16 85469
18 85487
26 85513
4 85517
6 85523
8 85531
18 85549
22 85571
6 85577
20 85597
4 85601
6 85607
12 85619
2 85621
6 85627
12 85639
4 85643
18 85661
6 85667
2 85669
22 85691
12 85703
8 85711
6 85717
16 85733
18 85751
30 85781
12 85793
24 85817
2 85819
10 85829
2 85831
6 85837
6 85843
4 85847
6 85853
36 85889
14 85903
6 85909
22 85931
2 85933
58 85991
8 85999
12 86011
6 86017
10 86027
2 86029
40 86069
8 86077
6 86083
28 86111
2 86113
4 86117
14 86131
6 86137
6 86143
18 86161
10 86171
8 86179
4 86183
14 86197
4 86201
8 86209
30 86239
4 86243
6 86249
8 86257
6 86263
6 86269
18 86287
4 86291
2 86293
4 86297
14 86311
12 86323
18 86341
10 86351
2 86353
4 86357
12 86369
2 86371
10 86381
8 86389
10 86399
14 86413
10 86423
18 86441
12 86453
8 86461
6 86467
10 86477
14 86491
10 86501
8 86509
22 86531
2 86533
6 86539
22 86561
12 86573
6 86579
8 86587
12 86599
28 86627
2 86629
48 86677
12 86689
4 86693
18 86711
8 86719
10 86729
14 86743
10 86753
14 86767
4 86771
12 86783
30 86813
24 86837
6 86843
8 86851
6 86857
4 86861
8 86869
54 86923
4 86927
2 86929
10 86939
12 86951
8 86959
10 86969
12 86981
12 86993
18 87011
2 87013
24 87037
4 87041
8 87049
22 87071
12 87083
20 87103
4 87107
12 87119
2 87121
12 87133
16 87149
2 87151
28 87179
2 87181
6 87187
24 87211
10 87221
2 87223
28 87251
2 87253
4 87257
20 87277
4 87281
12 87293
6 87299
14 87313
4 87317
6 87323
14 87337
22 87359
24 87383
20 87403
4 87407
14 87421
6 87427
6 87433
10 87443
30 87473
8 87481
10 87491
18 87509
2 87511
6 87517
6 87523
16 87539
2 87541
6 87547
6 87553
4 87557
2 87559
24 87583
4 87587
2 87589
24 87613
10 87623
6 87629
2 87631
10 87641
2 87643
6 87649
22 87671
8 87679
4 87683
8 87691
6 87697
4 87701
18 87719
2 87721
18 87739
4 87743
8 87751
16 87767
26 87793
4 87797
6 87803
8 87811
22 87833
20 87853
16 87869
8 87877
4 87881
6 87887
24 87911
6 87917
14 87931
12 87943
16 87959
2 87961
12 87973
4 87977
14 87991
10 88001
2 88003
4 88007
12 88019
18 88037
32 88069
10 88079
14 88093
24 88117
12 88129
40 88169
8 88177
34 88211
12 88223
14 88237
4 88241
18 88259
2 88261
28 88289
12 88301
20 88321
6 88327
10 88337
2 88339
40 88379
18 88397
14 88411
12 88423
4 88427
36 88463
6 88469
2 88471
22 88493
6 88499
14 88513
10 88523
24 88547
42 88589
2 88591
16 88607
2 88609
34 88643
8 88651
6 88657
4 88661
2 88663
4 88667
14 88681
40 88721
8 88729
12 88741
6 88747
24 88771
18 88789
4 88793
6 88799
2 88801
6 88807
4 88811
2 88813
4 88817
2 88819
24 88843
10 88853
8 88861
6 88867
6 88873
10 88883
14 88897
6 88903
16 88919
18 88937
14 88951
18 88969
24 88993
4 88997
6 89003
6 89009
8 89017
4 89021
20 89041
10 89051
6 89057
12 89069
2 89071
12 89083
4 89087
14 89101
6 89107
6 89113
6 89119
4 89123
14 89137
16 89153
36 89189
14 89203
6 89209
4 89213
14 89227
4 89231
6 89237
24 89261
8 89269
4 89273
20 89293
10 89303
14 89317
12 89329
34 89363
8 89371
10 89381
6 89387
6 89393
6 89399
14 89413
4 89417
14 89431
12 89443
6 89449
10 89459
18 89477
14 89491
10 89501
12 89513
6 89519
2 89521
6 89527
6 89533
28 89561
2 89563
4 89567
24 89591
6 89597
2 89599
4 89603
8 89611
16 89627
6 89633
20 89653
4 89657
2 89659
10 89669
2 89671
10 89681
8 89689
64 89753
6 89759
8 89767
12 89779
4 89783
14 89797
12 89809
10 89819
2 89821
12 89833
6 89839
10 89849
18 89867
24 89891
6 89897
2 89899
10 89909
8 89917
6 89923
16 89939
20 89959
4 89963
14 89977
6 89983
6 89989
12 90001
6 90007
4 90011
6 90017
2 90019
4 90023
8 90031
22 90053
6 90059
8 90067
4 90071
2 90073
16 90089
18 90107
14 90121
6 90127
22 90149
14 90163
10 90173
14 90187
4 90191
6 90197
2 90199
4 90203
14 90217
10 90227
12 90239
8 90247
16 90263
8 90271
10 90281
8 90289
24 90313
40 90353
6 90359
12 90371
2 90373
6 90379
18 90397
4 90401
2 90403
4 90407
30 90437
2 90439
30 90469
4 90473
8 90481
18 90499
12 90511
12 90523
4 90527
2 90529
4 90533
14 90547
36 90583
16 90599
18 90617
2 90619
12 90631
10 90641
6 90647
12 90659
18 90677
2 90679
18 90697
6 90703
6 90709
22 90731
18 90749
38 90787
6 90793
10 90803
18 90821
2 90823
10 90833
8 90841
6 90847
16 90863
24 90887
14 90901
6 90907
4 90911
6 90917
14 90931
16 90947
24 90971
6 90977
12 90989
8 90997
12 91009
10 91019
14 91033
46 91079
2 91081
16 91097
2 91099
22 91121
6 91127
2 91129
10 91139
2 91141
10 91151
2 91153
6 91159
4 91163
20 91183
10 91193
6 91199
30 91229
8 91237
6 91243
6 91249
4 91253
30 91283
8 91291
6 91297
6 91303
6 91309
22 91331
36 91367
2 91369
4 91373
8 91381
6 91387
6 91393
4 91397
14 91411
12 91423
10 91433
20 91453
4 91457
2 91459
4 91463
30 91493
6 91499
14 91513
16 91529
12 91541
30 91571
2 91573
4 91577
6 91583
8 91591
30 91621
10 91631
8 91639
34 91673
18 91691
12 91703
8 91711
22 91733
20 91753
4 91757
14 91771
10 91781
20 91801
6 91807
4 91811
2 91813
10 91823
14 91837
4 91841
26 91867
6 91873
36 91909
12 91921
18 91939
4 91943
8 91951
6 91957
4 91961
6 91967
2 91969
28 91997
6 92003
6 92009
24 92033
8 92041
10 92051
26 92077
6 92083
24 92107
4 92111
8 92119
24 92143
10 92153
20 92173
4 92177
2 92179
10 92189
14 92203
16 92219
2 92221
6 92227
6 92233
4 92237
6 92243
8 92251
18 92269
28 92297
14 92311
6 92317
16 92333
14 92347
6 92353
4 92357
6 92363
6 92369
8 92377
4 92381
2 92383
4 92387
12 92399
2 92401
12 92413
6 92419
12 92431
28 92459
2 92461
6 92467
12 92479
10 92489
14 92503
4 92507
44 92551
6 92557
10 92567
2 92569
12 92581
12 92593
30 92623
4 92627
12 92639
2 92641
6 92647
10 92657
12 92669
2 92671
10 92681
2 92683
10 92693
6 92699
8 92707
10 92717
6 92723
14 92737
16 92753
8 92761
6 92767
12 92779
10 92789
2 92791
10 92801
8 92809
12 92821
10 92831
18 92849
8 92857
4 92861
2 92863
4 92867
26 92893
6 92899
22 92921
6 92927
14 92941
10 92951
6 92957
2 92959
28 92987
6 92993
8 93001
46 93047
6 93053
6 93059
18 93077
6 93083
6 93089
8 93097
6 93103
10 93113
18 93131
2 93133
6 93139
12 93151
18 93169
10 93179
8 93187
12 93199
30 93229
10 93239
2 93241
10 93251
2 93253
4 93257
6 93263
18 93281
2 93283
4 93287
20 93307
12 93319
4 93323
6 93329
8 93337
34 93371
6 93377
6 93383
24 93407
12 93419
8 93427
36 93463
16 93479
2 93481
6 93487
4 93491
2 93493
4 93497
6 93503
20 93523
6 93529
24 93553
4 93557
2 93559
4 93563
18 93581
20 93601
6 93607
22 93629
8 93637
46 93683
18 93701
2 93703
16 93719
20 93739
22 93761
2 93763
24 93787
22 93809
2 93811
16 93827
24 93851
20 93871
16 93887
2 93889
4 93893
8 93901
10 93911
2 93913
10 93923
14 93937
4 93941
8 93949
18 93967
4 93971
8 93979
4 93983
14 93997
10 94007
2 94009
24 94033
16 94049
8 94057
6 94063
16 94079
20 94099
10 94109
2 94111
6 94117
4 94121
30 94151
2 94153
16 94169
32 94201
6 94207
12 94219
10 94229
24 94253
8 94261
12 94273
18 94291
16 94307
2 94309
12 94321
6 94327
4 94331
12 94343
6 94349
2 94351
28 94379
18 94397
2 94399
22 94421
6 94427
6 94433
6 94439
2 94441
6 94447
16 94463
14 94477
6 94483
30 94513
16 94529
2 94531
10 94541
2 94543
4 94547
12 94559
2 94561
12 94573
10 94583
14 94597
6 94603
10 94613
8 94621
28 94649
2 94651
36 94687
6 94693
16 94709
14 94723
4 94727
20 94747
24 94771
6 94777
4 94781
8 94789
4 94793
18 94811
8 94819
4 94823
14 94837
4 94841
6 94847
2 94849
24 94873
16 94889
14 94903
4 94907
26 94933
16 94949
2 94951
10 94961
32 94993
6 94999
4 95003
6 95009
12 95021
6 95027
36 95063
8 95071
12 95083
4 95087
2 95089
4 95093
8 95101
6 95107
4 95111
20 95131
12 95143
10 95153
24 95177
12 95189
2 95191
12 95203
10 95213
6 95219
12 95231
2 95233
6 95239
18 95257
4 95261
6 95267
6 95273
6 95279
8 95287
24 95311
6 95317
10 95327
12 95339
30 95369
14 95383
10 95393
8 95401
12 95413
6 95419
10 95429
12 95441
2 95443
18 95461
6 95467
4 95471
8 95479
4 95483
24 95507
20 95527
4 95531
8 95539
10 95549
12 95561
8 95569
12 95581
16 95597
6 95603
14 95617
4 95621
8 95629
4 95633
18 95651
50 95701
6 95707
6 95713
4 95717
6 95723
8 95731
6 95737
10 95747
26 95773
10 95783
6 95789
2 95791
10 95801
2 95803
10 95813
6 95819
38 95857
12 95869
4 95873
8 95881
10 95891
20 95911
6 95917
6 95923
6 95929
18 95947
10 95957
2 95959
12 95971
16 95987
2 95989
12 96001
12 96013
4 96017
26 96043
10 96053
6 96059
20 96079
18 96097
40 96137
12 96149
8 96157
10 96167
12 96179
2 96181
18 96199
12 96211
10 96221
2 96223
10 96233
26 96259
4 96263
6 96269
12 96281
8 96289
4 96293
30 96323
6 96329
2 96331
6 96337
16 96353
24 96377
24 96401
18 96419
12 96431
12 96443
8 96451
6 96457
4 96461
8 96469
10 96479
8 96487
6 96493
4 96497
20 96517
10 96527
26 96553
4 96557
24 96581
6 96587
2 96589
12 96601
42 96643
18 96661
6 96667
4 96671
26 96697
6 96703
28 96731
6 96737
2 96739
10 96749
8 96757
6 96763
6 96769
10 96779
8 96787
10 96797
2 96799
22 96821
2 96823
4 96827
20 96847
4 96851
6 96857
36 96893
14 96907
4 96911
20 96931
22 96953
6 96959
14 96973
6 96979
10 96989
8 96997
4 97001
2 97003
4 97007
14 97021
18 97039
34 97073
8 97081
22 97103
14 97117
10 97127
24 97151
6 97157
2 97159
10 97169
2 97171
6 97177
10 97187
26 97213
18 97231
10 97241
18 97259
24 97283
18 97301
2 97303
24 97327
40 97367
2 97369
4 97373
6 97379
2 97381
6 97387
10 97397
26 97423
6 97429
12 97441
12 97453
6 97459
4 97463
36 97499
2 97501
10 97511
12 97523
24 97547
2 97549
4 97553
8 97561
10 97571
6 97577
2 97579
4 97583
24 97607
2 97609
4 97613
36 97649
2 97651
22 97673
14 97687
24 97711
18 97729
42 97771
6 97777
10 97787
2 97789
24 97813
16 97829
12 97841
2 97843
4 97847
2 97849
10 97859
2 97861
10 97871
8 97879
4 97883
36 97919
8 97927
4 97931
12 97943
18 97961
6 97967
6 97973
14 97987
22 98009
2 98011
6 98017
24 98041
6 98047
10 98057
24 98081
20 98101
22 98123
6 98129
14 98143
36 98179
28 98207
6 98213
8 98221
6 98227
24 98251
6 98257
12 98269
28 98297
2 98299
18 98317
4 98321
2 98323
4 98327
20 98347
22 98369
8 98377
10 98387
2 98389
18 98407
4 98411
8 98419
10 98429
14 98443
10 98453
6 98459
8 98467
6 98473
6 98479
12 98491
16 98507
12 98519
14 98533
10 98543
18 98561
2 98563
10 98573
24 98597
24 98621
6 98627
12 98639
2 98641
22 98663
6 98669
20 98689
22 98711
2 98713
4 98717
12 98729
2 98731
6 98737
36 98773
6 98779
22 98801
6 98807
2 98809
28 98837
12 98849
18 98867
2 98869
4 98873
14 98887
6 98893
4 98897
2 98899
10 98909
2 98911
16 98927
2 98929
10 98939
8 98947
6 98953
10 98963
18 98981
12 98993
6 98999
14 99013
4 99017
6 99023
18 99041
12 99053
26 99079
4 99083
6 99089
14 99103
6 99109
10 99119
12 99131
2 99133
4 99137
2 99139
10 99149
24 99173
8 99181
10 99191
32 99223
10 99233
8 99241
10 99251
6 99257
2 99259
18 99277
12 99289
28 99317
30 99347
2 99349
18 99367
4 99371
6 99377
14 99391
6 99397
4 99401
8 99409
22 99431
8 99439
30 99469
18 99487
10 99497
26 99523
4 99527
2 99529
22 99551
8 99559
4 99563
8 99571
6 99577
4 99581
26 99607
4 99611
12 99623
20 99643
18 99661
6 99667
12 99679
10 99689
18 99707
2 99709
4 99713
6 99719
2 99721
12 99733
28 99761
6 99767
20 99787
6 99793
16 99809
8 99817
6 99823
6 99829
4 99833
6 99839
20 99859
12 99871
6 99877
4 99881
20 99901
6 99907
16 99923
6 99929
32 99961
10 99971
18 99989
2 99991
12 100003
16 100019
24 100043
6 100049
8 100057
12 100069
34 100103
6 100109
20 100129
22 100151
2 100153
16 100169
14 100183
6 100189
4 100193
14 100207
6 100213
24 100237
30 100267
4 100271
8 100279
12 100291
6 100297
16 100313
20 100333
10 100343
14 100357
4 100361
2 100363
16 100379
12 100391
2 100393
10 100403
8 100411
6 100417
30 100447
12 100459
10 100469
14 100483
10 100493
8 100501
10 100511
6 100517
2 100519
4 100523
14 100537
10 100547
2 100549
10 100559
32 100591
18 100609
4 100613
8 100621
28 100649
20 100669
4 100673
20 100693
6 100699
4 100703
30 100733
8 100741
6 100747
22 100769
18 100787
12 100799
2 100801
10 100811
12 100823
6 100829
18 100847
6 100853
54 100907
6 100913
14 100927
4 100931
6 100937
6 100943
14 100957
24 100981
6 100987
12 100999
10 101009
12 101021
6 101027
24 101051
12 101063
18 101081
8 101089
18 101107
4 101111
2 101113
4 101117
2 101119
22 101141
8 101149
10 101159
2 101161
12 101173
10 101183
14 101197
6 101203
4 101207
2 101209
12 101221
46 101267
6 101273
6 101279
2 101281
6 101287
6 101293
30 101323
10 101333
8 101341
6 101347
12 101359
4 101363
14 101377
6 101383
16 101399
12 101411
8 101419
10 101429
20 101449
18 101467
10 101477
6 101483
6 101489
12 101501
2 101503
10 101513
14 101527
4 101531
2 101533
4 101537
24 101561
12 101573
8 101581
18 101599
4 101603
8 101611
16 101627
14 101641
12 101653
10 101663
18 101681
12 101693
8 101701
18 101719
4 101723
14 101737
4 101741
6 101747
2 101749
22 101771
18 101789
8 101797
10 101807
26 101833
4 101837
2 101839
24 101863
6 101869
4 101873
6 101879
12 101891
26 101917
4 101921
8 101929
10 101939
18 101957
6 101963
14 101977
10 101987
12 101999
2 102001
12 102013
6 102019
4 102023
8 102031
12 102043
16 102059
2 102061
10 102071
6 102077
2 102079
22 102101
2 102103
4 102107
14 102121
18 102139
10 102149
12 102161
20 102181
10 102191
6 102197
2 102199
4 102203
14 102217
12 102229
4 102233
8 102241
10 102251
2 102253
6 102259
34 102293
6 102299
2 102301
16 102317
12 102329
8 102337
22 102359
8 102367
30 102397
10 102407
2 102409
24 102433
4 102437
14 102451
10 102461
20 102481
16 102497
2 102499
4 102503
20 102523
10 102533
6 102539
8 102547
4 102551
8 102559
4 102563
24 102587
6 102593
14 102607
4 102611
32 102643
4 102647
6 102653
14 102667
6 102673
4 102677
2 102679
22 102701
60 102761
2 102763
6 102769
24 102793
4 102797
14 102811
18 102829
12 102841
18 102859
12 102871
6 102877
4 102881
30 102911
2 102913
16 102929
2 102931
22 102953
14 102967
16 102983
18 103001
6 103007
36 103043
6 103049
18 103067
2 103069
10 103079
8 103087
4 103091
2 103093
6 103099
24 103123
18 103141
30 103171
6 103177
6 103183
34 103217
14 103231
6 103237
52 103289
2 103291
16 103307
12 103319
14 103333
16 103349
8 103357
30 103387
4 103391
2 103393
6 103399
10 103409
12 103421
2 103423
28 103451
6 103457
14 103471
12 103483
28 103511
18 103529
20 103549
4 103553
8 103561
6 103567
6 103573
4 103577
6 103583
8 103591
22 103613
6 103619
24 103643
8 103651
6 103657
12 103669
12 103681
6 103687
12 103699
4 103703
20 103723
46 103769
18 103787
14 103801
10 103811
2 103813
24 103837
4 103841
2 103843
24 103867
22 103889
14 103903
10 103913
6 103919
32 103951
12 103963
4 103967
2 103969
10 103979
2 103981
10 103991
2 103993
4 103997
6 104003
6 104009
12 104021
12 104033
14 104047
6 104053
6 104059
28 104087
2 104089
18 104107
6 104113
6 104119
4 104123
24 104147
2 104149
12 104161
12 104173
6 104179
4 104183
24 104207
24 104231
2 104233
6 104239
4 104243
38 104281
6 104287
10 104297
12 104309
2 104311
12 104323
4 104327
20 104347
22 104369
12 104381
2 104383
10 104393
6 104399
18 104417
42 104459
12 104471
2 104473
6 104479
12 104491
22 104513
14 104527
10 104537
6 104543
6 104549
2 104551
10 104561
18 104579
14 104593
4 104597
26 104623
16 104639
12 104651
8 104659
18 104677
4 104681
2 104683
10 104693
8 104701
6 104707
4 104711
6 104717
6 104723
6 104729
